1.481665744774451621e-01,-1.162653278028844994e+00,-1.696787829713338747e-01,-1.099235669799349668e-01,-1.490664861217211978e+00,-4.690581645799889871e-02,1.617931344902505120e-01,1.900033003083682059e-01,-1.462783125681246466e+00,-3.564236873505899905e-01,2.268013857182125392e-01,9.056430196746105554e-02,7.047648064332193707e-01,4.302042506461407900e-02,4.863834999477315013e-01,-1.323962956234265409e+00
2.286332889484772313e-01,-1.332826616741588331e-02,-1.605936374912032560e-01,3.719726445817100324e-01,7.651443405516313856e-01,-1.054072800071794713e+00,2.906213022874089558e-01,-1.795470134202672208e+00,1.474112738896123653e-01,-4.685128723314374577e-02,-1.766566101787907073e+00,3.070791219440630743e-02,-1.009727140788555300e+00,-2.879185437000433834e-01,-1.036001066806337523e+00,5.209654438004747146e-01
-6.298762827268618303e-02,-3.537644058652745782e-01,-4.195274634507443201e-01,3.024119933546235914e-02,-1.079290756129806517e-01,-4.062994859950539994e-01,-2.976823368942481673e-01,-1.802248510472072851e-01,-3.113492900662416241e-01,-2.949516136674878442e-01,-9.848501800650275029e-02,-3.186198380822670151e-01,-1.208658288840710748e-01,-1.652194376623914718e-01,2.026931739739196159e-01,-5.387867713511571566e-01
-3.522351499831843924e-01,-1.022779214426697836e+00,-3.284268157556910483e-01,-4.141985632725664335e-01,-9.046643743902236245e-01,2.522568791855951953e-01,2.598500734463171091e-01,1.457158281823629220e-01,-1.165458445575991570e-01,-3.796397257295415217e-01,-1.046876455434924580e+00,-7.695995288855412841e-01,6.503740241081169549e-01,-7.940907502870746537e-01,1.197270573273606087e-01,1.093795743081817928e+00
-6.449533436505560102e-01,8.886165721257832661e-01,-4.922644942520872369e-01,-1.101987624018296197e+00,5.391770230190930935e-01,-1.356002075543114305e-01,-7.739879084195699921e-01,2.017322408638307085e-01,-2.292968702188609986e-01,-4.338240360114767880e-01,3.506112688281523559e-01,-7.835034859894286496e-01,3.727804579506756588e-01,-6.966393421919594986e-02,-3.510627645476804282e-01,-8.153868142911711026e-01
-4.026033931736435201e-01,-1.745165219468505502e-01,-2.565604074169742788e-01,-1.231661424582146253e-01,-1.022072992372353439e-01,-3.055444619783161397e-01,-3.468395583413630967e-01,-1.997643233190948275e-01,-2.574987777037928693e-01,-4.585455682315598414e-01,-3.748624009827012382e-01,-3.650146032363350557e-01,-8.120565373706642442e-02,-2.382414339480237730e-01,-1.618996445877473045e-01,-1.302196974479584435e-01
3.510779901040405049e-01,-1.167367760701016666e+00,-1.972965322301698521e-01,-1.000150088069467369e+00,9.559310896951278558e-01,3.383061823752065433e-01,-1.320821304576235811e+00,-1.036862772316995418e-01,-7.953756440565576402e-02,-2.734701179566336182e-01,2.890693353393504750e-01,1.538227016737395703e-01,-1.205203624609327839e+00,-8.923012264739528521e-02,1.866914107916160526e-01,-8.878498750910415183e-01
-3.816755560444941020e-01,5.741322766017703527e-01,-3.662356087306559704e-01,2.834076865614016394e-01,-9.894749937774938164e-01,-5.300086282184813813e-01,1.423379861737156804e-01,-1.046787733964671396e-01,-1.720789400605698405e-01,-4.208420199627493918e-01,3.817951980245490873e-01,-2.677009313836303250e-01,6.181252127522052220e-02,-3.468486344588344594e-01,-4.640244972359446329e-01,2.289644046084442653e-03
-4.189682915924891060e-01,-1.140948205972732166e-01,-2.295600769838540278e-01,-2.921053942649380897e-01,-2.672227393338363344e-01,-1.810973973312302865e-01,-2.019126611231191193e-01,-3.144788707972314135e-01,-2.619950489268608185e-01,-4.041897447326707749e-01,-2.497212632705081425e-01,-1.609719934641153372e-01,-2.008771890120339965e-01,-2.148851655710219688e-01,-3.480089759197937394e-01,-1.778423963141087805e-01
-7.755963181028231457e-01,2.219042276524801072e-01,-1.927689981514633111e-01,-3.731109645190648916e-01,-1.228034504742446797e+00,-1.567275825340381790e-01,-4.260053027205815135e-01,1.154703387781153417e-01,1.828218881552493708e-02,-2.109557517500360857e-01,4.721617187199130816e-01,-3.251538266501470820e-01,-5.833059053453245602e-01,-3.226913087336286123e-01,-6.338611164072950332e-01,1.074505124620804136e-01
