1.048361789282841322e-01
1.871899892640050966e-01
3.126040960794238543e-01
1.065165010018356423e-01
3.285707589140492990e-01
3.317726078019899161e-01
-1.030442299312236826e-01
-3.930062756207503005e-01
1.043547286259387669e-01
-1.383108674294108997e-01
3.114872026767191437e-01
-1.882691854099385886e-01
3.450497675786325102e-02
-2.495317250106086626e-01
3.468528849517099610e-01
-3.549329398854298989e-01
3.095360020175775828e-01
3.106004960786674651e-01
3.368989534301257693e-01
2.528404250413072152e-01
-3.558833220544869169e-01
-2.296593300708515140e-01
3.256104679797636736e-01
1.740349893392461045e-01
-3.010329224950947236e-01
-6.746942514512820066e-02
-5.568471855262845105e-02
2.519631619565303460e-01
-3.797884490013320180e-01
-3.470561019021932148e-01
-3.232483979228917541e-03
-2.159496199080611079e-01
-3.634310357469299202e-01
-1.015686548035438647e-01
1.233334484947028603e-01
3.064796832688734263e-01
8.116674333384617246e-02
3.744078658062881537e-01
2.424119074996028411e-01
-2.416582143846101038e-01
5.757614607965340359e-02
3.994606784973455671e-01
1.687515703167393744e-01
-1.842278998765624898e-01
2.967828265878487137e-01
-1.910416056430074352e-02
-1.607702772073759112e-01
-1.327266252332846563e-01
-1.366385904209320712e-01
2.987199677539116235e-02
3.158930062900935365e-01
1.893340815913258091e-01
1.976049899518366182e-01
-1.459891960849940551e-01
3.571799962316590804e-01
-3.040729610480574219e-01
2.442492494352073162e-01
1.025657337814696174e-01
-2.923281649944247662e-01
-2.069802706844278972e-01
2.801922067549045270e-01
-1.294275352383150723e-01
-2.501910695945457896e-01
1.893809824996689484e-01
4.781344815322187414e-02
3.226611432072897800e-01
-2.493205828758965625e-01
-2.378137295523701303e-02
2.372727551024171877e-01
3.354883904725992905e-02
-2.991195384406188928e+00
-1.901272289286870532e+00
-2.362032812485980404e+00
-2.289593093839786597e+00
-1.376253369883236433e+00
-6.802374829107884491e-01
-2.997101643637662960e-01
1.280199278619981174e-01
-9.682316188368277066e-02
-2.200014237823330887e-01
-6.544239055868149302e-02
1.765043709304607855e-01
-2.947604024414222645e-01
1.553823257929736190e-01
2.918845112135868280e-01
-3.018596620358380278e-01
-1.514186703708527149e-01
-1.547251416921799072e-01
-7.157151713123958980e-02
2.685141443091757507e-01
-3.548898331102652848e-01
1.057706804696396802e-01
-1.884209662474619074e-01
-1.429504487150222158e-01
-5.802831060758952830e-01
-1.925181743227605047e+00
-7.128451183124389079e-01
-1.255204733407233153e+00
-3.023968832274625651e+00
-3.593620145073318728e+00
-1.696507468092931070e+00
-1.781379975043614339e+00
-1.260893620448618302e+00
-1.416086897629699859e+00
-1.229451114002543255e+00
-6.204995241238500103e-01
1.901653138841921109e-01
-3.093598142122365793e-02
-2.758635187096560304e-01
2.374881414671912161e-01
-1.301330649468892542e-01
-1.546978422439098666e-01
2.131967027642813761e-01
-2.198143475599548813e-01
-7.422530255239022379e-02
-2.578251850462654482e-01
-2.429317474617806172e-01
-3.797239217271379808e-01
1.557858212023677247e-01
-1.642779539196795313e-01
3.342547184640917157e-01
-4.286541872466607950e-02
-1.236721688055815171e+00
-2.036093747712514279e+00
-1.307040660269703114e+00
-1.646975031099646491e+00
-1.632465608750814701e+00
-9.741317174250554434e-01
-3.353743615621498919e-01
1.671170483871919910e-01
-9.238321445665419185e-02
-1.312287107659421692e-01
-1.233701433185106611e+00
-1.311667395413773085e-01
3.315753711931000991e-01
-1.917106227734377598e-03
-1.778703977108893053e-01
1.116758014336499821e-01
4.067606994554451467e-03
-1.698549891332159500e-01
-2.754160186338687755e-01
-1.449872081256994849e-01
-2.599795422224389640e-01
1.385609776084972822e-01
1.692340944444266082e-01
1.639951984713743371e-01
-2.764367747614834836e-01
-3.013969037769494430e-01
-3.873581908636112292e-01
-5.451299227742735232e-01
-1.456789925183399337e+00
-2.469517343631342232e+00
-2.603309109904278440e+00
-2.024170854451759372e+00
-1.001434373474852757e+00
1.072765895568647126e-01
-7.254327379234519479e-02
-1.690203740014386558e-01
4.562574183248510051e-01
1.510885309069499027e-01
-5.867217608264677642e-01
-1.117311673186200283e+00
-5.377869793435670065e-01
-4.657063952254502093e-01
-1.325572130357974832e-01
3.852358716926500559e-01
-1.918192997820645784e-01
3.946946990541773392e-02
2.095239534978078355e-01
1.296923257885152989e-02
-7.903429074640143381e-02
-2.433515399495202736e-01
2.551114378192597121e-01
-4.086151271018028663e-01
-5.711889899182587271e-01
-1.028869937003400875e-01
-3.735094140316410627e-01
-1.078223262598949628e+00
-1.447014308694324791e+00
-1.673497732266409965e+00
-2.276704303615761038e+00
-3.193359334559207952e+00
-1.380208580135358298e+00
3.312482490328166884e-01
1.517455139428978139e-01
6.634658898684767658e-01
-1.088732021599960603e-01
3.042347547176151856e-01
-1.463240976006557670e+00
-6.567446659213123095e-01
-1.277055897994831213e+00
-4.144657446479396712e-01
-4.045517120394588328e-01
-3.378541618664883117e-01
-3.546953382179982572e-01
2.758052193785072159e-01
3.307416954043072010e-01
-1.140801907289274858e-01
-2.469474366650957209e-01
-2.255575181155670128e-01
-6.577868406468345697e-01
-1.283879023872885661e+00
-1.617140604479751165e+00
-1.233080899998953761e+00
-1.410118648897181748e+00
-2.281044809022334530e+00
-2.481474324702848122e+00
-3.075379409545162535e+00
-2.504247172297616064e+00
-1.945711843283021825e+00
-4.255072107177805818e-01
-1.625909524712352283e-01
6.865170014443104929e-01
-3.119271393929748393e-01
-2.713372515545712238e-01
-7.071161519689622699e-01
-3.569740758068048692e+00
-4.689424858071973845e-01
-8.430311801591776621e-01
-8.728434945929303135e-01
-4.748823644249892673e-01
3.292467327119524834e-01
-3.504039507829072586e-01
-3.286089370561903200e-01
-3.729048129940273348e-01
1.238377157846342197e-01
-3.624403380739105729e-01
3.447661594742479352e-01
3.676847620979085962e-02
5.944260559439808189e-02
-7.504576526188229124e-01
-3.845967889685127927e-01
-4.524751181685571777e-01
-8.391305490365751352e-01
-1.597384362918853329e+00
-8.702509098937283305e-01
-1.695785325275181554e+00
-1.497485623084542805e+00
-1.808242457821975513e-01
8.360151608827502967e-01
6.041432910378113919e-01
1.267884657132731796e-01
-5.193215542303053489e-01
-1.856711599039496230e+00
-2.029480929127727595e+00
-1.986920983863448009e-01
-6.518798002081466203e-02
-2.706395468221010625e-01
3.824289214287380778e-01
-2.863603485784033675e-01
9.423064346882403103e-03
-9.020818175095025176e-03
-1.876018281497833784e-01
-1.865150647535099848e-01
1.655198694104722534e-01
2.913978334155397087e-01
-3.230749851249822835e-01
7.185706962803146969e-02
-8.014993506435950932e-02
-2.541443709547733243e-01
2.299659859890869074e-01
6.624350326653763443e-02
-6.554795853117956206e-01
-5.421686676211161515e-01
-1.797523109966098653e+00
-1.145221085677858408e+00
4.092302054086142948e-02
1.338513866423209908e+00
7.689996045112975631e-01
-2.923211312669578010e-01
4.608647756285112751e-02
-3.098835508432881802e+00
-4.687044251017232210e-01
-8.565806591638606970e-02
-2.779818492325385540e-02
3.838013482596489556e-01
-2.564276445816028316e-01
1.037705852307725315e-02
3.282247308453764001e-01
-8.998861891677532865e-02
-2.205814925802639659e-01
3.862205294117211363e-01
7.108330723954510433e-02
-2.288871922132082737e-01
-2.099340803142353828e-01
3.308266424794770177e-01
2.523586582776525811e-01
2.796440470859923311e-01
1.148391209019580389e-01
-3.376105938665626693e-01
5.631793206624437220e-02
-1.764817911269246919e-01
-1.076944688671155337e+00
-3.772003265189325383e-01
3.941772659150925007e-01
1.433094855752439667e+00
9.554973899205315702e-02
-1.574752092509171808e-01
3.296129994030311261e-01
-7.650046493945714676e-01
2.931614085614552279e-01
7.635497784796875520e-02
5.846641179973628699e-02
-3.022336200733228284e-01
3.776657488473414981e-01
2.037513549299838633e-01
-2.795380934260505712e-01
-2.032491613672028630e-01
-1.280385431551611664e-01
-3.842859830334491300e-01
1.814016510841651719e-01
-3.968526939753653782e-01
-3.290411407861817406e-01
1.177420312080310755e-01
2.496216414301947184e-01
1.777482666237957254e-01
-3.122719620945090327e-02
-3.707874147161485667e-01
1.533909407414441040e-01
-7.309368590081795070e-01
-9.592619038291895217e-01
-1.102430255554928728e-03
4.220509805056515962e-01
8.012262327058755629e-01
3.534404540662001715e-01
-3.243290124616582393e-01
-3.963921988993246263e-03
3.061694669941714686e-01
-1.127069269037241223e-01
-3.321974211245075637e-01
-3.165904706701757609e-01
1.392353531753989238e-01
2.734248138581014675e-01
-2.393475947548399929e-01
-3.091117858571307830e-01
-3.224272898664721221e-01
1.137190928900118220e-01
2.955102040035245681e-01
-7.018680410396482654e-03
-3.612337085795795655e-02
3.351347819257542993e-01
3.482253505988254227e-01
3.845879680251854671e-01
1.623169044640722092e-01
3.380968942962346846e-01
-2.452132827329168152e-01
1.098136115409635988e-01
-1.056088070144660662e+00
-7.556406423311792242e-01
-3.866634114193190919e-01
4.712052542508880393e+00
2.578427164907809988e-01
-2.427575141170787709e-01
-1.771018234038917449e-01
9.281361195191874247e-02
7.472299810096667827e-02
-1.606205319295935241e-01
1.802530686076496825e-04
-3.582843094512913051e-01
-3.852257986433451076e-01
9.437692806370852339e-02
3.636425407837446944e-01
-3.035139405542133240e-01
7.953774353547805875e-02
-1.987623108477053757e-01
-1.070608623657432895e-01
1.131392066918819467e-01
3.155236540505539367e-01
2.340930487324747178e-01
-1.383916825243141080e-01
1.743298470518778176e-01
-3.350630320123832995e-01
7.925353391893215360e-02
2.179596467060371801e-01
-9.720516812343442670e-01
-1.395305833354044678e+00
3.805859073421500316e-01
-3.464368896017988586e-01
1.409346361143516857e+00
-1.085507665772610444e-02
-4.779482437349540092e-02
1.372514383054779241e-01
-1.776476560988924924e-01
-4.141939766665758138e-01
3.658164142759658954e-01
1.853796570123126264e-01
-1.445605812653892944e-02
1.999859654496761660e-02
-2.945267609958392430e-01
-2.625952227804615458e-01
-3.693854964677228403e-01
-3.217754941191485751e-01
8.743856310508442420e-02
-7.585042778560302339e-03
3.658450044348106056e-01
-3.816916975577585580e-01
-2.572990319080250554e-01
5.809191580745777517e-02
-1.973201712655731077e-01
-2.142259403746781532e-01
3.899566178472992084e-02
-3.733958170784776875e-01
-8.773801250431064735e-01
-1.088448351404244452e+00
1.664612255493954640e-01
5.396307296946801779e-01
1.781086154632366414e+00
-1.732190127102671909e-02
2.772298621336891644e-01
-4.373054308080975838e-02
2.638620943087289783e-01
-5.428761546043196773e-02
2.184261274226165783e-01
5.301988729252467281e-02
3.037491494610734463e-02
9.413465722016400427e-04
2.171203401790069432e-01
1.777323839464123312e-01
-9.458221949831939479e-02
1.541450261160404178e-01
-3.593365451236604780e-01
7.640089604753570740e-02
-2.443710783744421355e-01
-1.349161675936182969e-01
-2.741634330845504897e-01
3.251932004393721931e-02
-3.753956798567121278e-01
-1.126360624862682708e-01
-4.680385806256535941e-02
-5.764840430033342233e-01
-1.447068713335774026e+00
2.725174744711765795e-01
-1.815206897214740323e-01
6.393964173778374782e-01
3.374008545741938314e-01
2.579012643467454291e-01
-6.358317899770700166e-01
1.435510074878222284e-02
3.998211627296568427e-01
1.398460005705937049e-03
1.896840860745835355e-01
9.014751108678982494e-02
3.133832193898283824e-01
-3.293673525510953937e-01
-6.801932176545731623e-02
1.472630240992411910e-01
4.932219842788938824e-02
-3.712316742305607487e-01
-1.259664108054263654e-01
-2.118390290890580577e-02
-1.235924912681590077e-01
2.443701204564082685e-01
-2.957213784887695596e-01
1.529818684853279098e-01
9.996129205136534968e-02
3.317261240497603181e-01
5.109605117191219625e-02
6.027966935283885115e-03
-7.473403686805106805e-01
2.621794923972845526e-01
4.601774171400625779e-02
-8.460035005988965351e-02
5.732007606391009702e-01
-3.898976982926065371e-02
2.591498833427497914e-02
2.264480828042100269e-01
-1.410359222408389956e-01
1.093533334978328414e-01
-3.560942758660932128e-01
-2.479255260097876501e-01
-2.073465014003547935e-01
3.893146494420794967e-01
-4.773250160748020166e-02
1.596290680056889899e-01
-4.512888056393936365e-02
-1.731014418454965564e-01
3.102025151543933434e-01
5.154617842642002234e-02
2.117295498114742935e-01
1.430292515304110168e-01
2.652143108189284337e-01
-3.740181691889166160e-01
5.730745232058799543e-02
-5.988419057130010825e-02
-1.545631651218287994e-01
-1.753308396784975798e-01
4.460437122386735898e-02
2.870545249645973726e-02
3.134356794011338154e-01
-1.804797446313199105e-01
-3.091352640235250915e-01
-2.885942901373649283e-01
-9.791051140479444248e-01
-5.464098284073806155e-01
2.663540002536372020e-01
-9.053845509756398152e-03
-1.054844056611664443e-01
1.603781316374347510e-01
-3.880568907408112334e-01
-1.304772451806056680e-02
1.534593093624718740e-01
3.212212288003905014e-01
3.649414725444249941e-01
-2.048011859673029011e-01
-1.830924020920959294e-01
3.227260661004810460e-01
-3.732949184992609970e-01
-3.633698899095215706e-01
2.339944701067759869e-01
1.449025166597812664e-01
1.170421521631933720e-01
-1.300052488135158835e-01
-2.236266903459124544e-01
-2.365207430693041513e-01
2.528491596935258379e-01
-1.864020495578377346e-01
2.881694349596725102e-01
-3.790536289218248700e-01
1.720240954563301283e-01
4.527241179298592544e-02
-6.113365625840654072e-02
7.739313719899783284e-02
-2.401075317212868487e-01
3.141745790943187844e-01
-3.053966055761198062e-01
2.697778374599308915e-01
-2.450115650928225142e-01
-2.001118976288222273e-01
2.021668082628864660e-01
8.274791791636936650e-03
3.994726137502813135e-01
3.151616183348406874e-01
-3.872150232701109251e-01
-2.121775226648014989e-01
-8.047414141243129648e-02
9.739059150572494661e-02
1.964849695501452720e-01
-3.257285870168750708e-01
6.610895826755620874e-02
-2.304428057104103145e-01
-1.112078421145666768e-01
2.233165005104199574e-01
1.700666695051409327e-01
8.232474044973404903e-02
2.669929052310998641e-01
3.490086629484957514e-01
-3.241275855233553826e-02
2.159206561185328388e-01
1.246388808980709723e-01
1.224824606664487586e-01
-3.143270737775975543e-01
3.593915269881873265e-01
-1.551236690172423938e-01
-6.489799309999215449e-02
3.778479628388476952e-01
-2.014873656794069212e-01
-1.330281583749919339e-01
2.835514236145242339e-01
-1.644465344074219626e-01
-2.447475349233104169e-01
3.056421398375914686e-02
2.328478420219095568e-01
-6.380071017170645120e-02
-1.775172100921185159e-01
-4.428603540010632444e-02
2.112174645527715722e-01
-2.259593441680504966e-01
1.988749800052558303e-01
1.296959710470454441e-01
3.684847129370618646e-01
-2.626726646698438472e-01
2.639182574532231706e-01
3.650209272450912756e-01
-3.483825754891030080e-01
2.072579678354721233e-01
-3.346732666911894638e-01
-5.428847233603416311e-02
3.132705829225155281e-01
-3.123948998750571415e-01
2.188735528546691400e-01
3.817941336466902646e-02
1.037429229240365430e-01
2.907639452756960452e-01
-2.235796955064474067e-01
4.541632080845221797e-02
-3.893795947707876515e-01
2.018342752660479134e-01
3.087000927822530771e-01
4.192663050849955442e-02
2.930925315121820640e-01
2.065196186968244474e-01
3.521406583169521820e-01
-1.399861371679233524e-01
3.052499784747124689e-01
3.685465371837871595e-01
-2.763544607448217283e-01
-3.467244301180267274e-01
3.522171582135726342e-01
-1.865842359011725682e-01
-1.832155998990719348e-01
2.673190415375318318e-01
-2.015106998196013535e-02
2.796969939630927771e-01
3.760923537989664389e-01
1.843375735247058111e-01
-3.105126252116138796e-01
5.977113288865988638e-02
2.072815969239170109e-01
-2.197258467825111417e-01
8.774679292568156319e-02
1.327502231689846601e-01
-1.778112480158138831e-01
-2.994574063585340173e-01
5.108902762386126339e-02
1.311209414953019570e-01
4.773773634146978584e-02
-1.833132392968893631e-01
2.393590084873160606e-01
1.669831140214934548e-02
-3.568152913740164633e-01
-3.109545832511116381e-01
-2.022033315209312843e-01
3.448352490847168550e-01
-2.699018493037138589e-01
2.940140494340987010e-01
4.730156356366541637e-01
-3.692019594159791640e-01
-3.165516123592294617e-01
-3.114863060829408670e-01
8.286068566625072462e-02
1.033160214425116324e-01
2.115834954631871101e-01
1.538610977423112702e-01
3.890929890710045358e-01
-3.122171059118823977e-01
-1.577798930429923432e-02
-3.106404398462958016e-01
-1.250601413446068566e-01
3.446982622599593926e-02
-3.364405623395955724e-01
2.164319731800299351e-01
-3.363183067286287797e-01
3.044901717894613613e-01
2.829149305032158113e-01
-1.840578449017381824e-01
1.854130955660705446e-02
3.151971419806050279e-02
-3.336316141772459332e-02
3.692940432303265519e-01
5.463242386894386071e-02
-3.742404700057702094e-01
-3.682634200010867498e-01
-3.489433469985692149e-01
-1.680501283650261690e-01
-1.311481727365548244e-01
8.073875413795962575e-02
3.856251061431522631e-01
-3.601836743659904694e-01
2.688265627930278567e-01
-1.369321474177353018e-02
-2.946766115792974830e-02
-3.471065780833098025e-01
-4.387414092453954806e-02
1.345473504884662219e-01
-2.645627977197222425e-01
-1.349229275628846536e-01
-2.741508959651741684e-01
-2.484306169344448478e-01
3.443056844550390627e-01
-1.845597944498176823e-01
2.683255121640770735e-01
-6.399087620701814083e-02
-6.908017626263983357e-02
-1.924107659752798127e-01
8.067383686509676383e-03
-3.645898491030436506e-01
-3.086677873261660099e-01
3.635555234037104455e-01
2.707097759381392743e-01
-2.703019592000931517e-02
2.463731616335930186e-01
2.959297960213314038e-01
-1.560511056492570325e-01
-3.103716039346309241e-01
-1.744900814179276838e-01
-3.415499839048626307e-01
-1.384984332088382564e-01
-3.226961029901197209e-02
1.855444730695531286e-01
-3.943479711970011570e-01
9.345157428738172511e-02
2.046260632745707797e-01
-1.224702333779178892e-01
-9.538958364899419867e-03
3.402853809163208787e-01
3.699443858732082147e-01
-7.639493277529461890e-02
3.385211415750754016e-01
1.821953680433458997e-02
2.115786360226453722e-01
5.350309593519154971e-02
-2.454016905727327558e-01
3.250223331792972958e-01
2.976672210038660005e-01
2.254783338121566505e-01
-2.450678353735226411e-01
3.884226878011495243e-01
-3.177296103956961937e-01
-3.517014710246949560e-01
7.330575167680332405e-02
-3.563795330096240499e-01
2.709887147883526248e-01
-1.296457529428582389e-01
-2.947768424175697954e-01
-1.203645642869127091e-01
-2.000431030716497416e-01
2.316174174148871723e-01
-3.152019872443037052e-01
-1.910447180396759037e-01
-2.699215824814479303e-01
2.762555755673571367e-01
-2.959098209474244623e-01
-2.476739482981997476e-01
3.164847013130629438e-01
-2.792851334719922418e-01
-1.836278633839874552e-01
3.700725782499117988e-01
3.393011472333073725e-03
-1.592466603790139157e-01
-2.140984973919689630e-02
-2.515797706926696867e-02
-6.040860784674184462e-03
-4.068972423634874269e-02
7.870699095749732893e-03
-1.984475002119899870e-02
1.154910998169906972e-01
1.752751690725141698e-01
3.396065400674238566e-01
2.024513730875401318e-01
2.796481946707768396e-01
-2.803143710871821015e-01
2.734954347463341984e-01
3.324430005754276662e-02
-2.196215685472490201e-02
7.861572908990595299e-02
2.336896865488620190e-01
-2.086121810662399170e-02
3.643728929376258696e-01
-2.813696061235264681e-02
-2.148692325774707867e-01
2.522083471770962815e-01
-1.289361998947106680e-01
-1.643270988223870521e-01
-3.916254481918470809e-01
-2.291079550905312789e-01
1.157494409997725932e-01
2.514369562803226987e-01
-1.466534006682753133e-01
1.760782151404362006e-01
-1.082980880516129923e-01
-2.677437957362143184e-01
-3.247733654182654583e-01
2.105985460656135677e-01
-2.949252225272585570e-01
3.759239622965274696e-01
3.950065247827075909e-01
2.036518410098204779e-01
-1.296199528818857763e-02
-2.820773874248270197e-01
-3.205203103455295799e-01
-5.676711789192633029e-02
2.430323019937615792e-01
-1.030054137761692162e-01
-7.031072299741525193e-03
-1.832930853746939648e-01
8.006124147351446896e-02
-3.839379424587359146e-01
-3.271791112745421337e-01
-2.252001706549179583e-01
1.306929096495208498e-01
2.232268176967392437e-01
-1.977200708285225053e-02
-3.810852981731034372e-01
1.358149714208146605e-02
