8.271110863207780106e-01
4.607812392983734462e-01
-1.432099081921378858e-01
9.748371569063006836e-01
-9.309095383387082367e-02
5.275131449330209277e-01
-6.225883480744093257e-02
5.056740943249116160e-01
-1.853231651324550311e-01
6.529819815295833108e-01
-5.642860826157723997e-01
4.435874693950546677e-01
1.025864452581336517e+00
3.392430296671628542e-01
-2.081126807901379494e-01
6.051748603526730941e-01
3.408789612076924547e-01
-3.644751130161175134e-03
7.059610364087338663e-01
3.489343815245352087e-01
3.018693828618371766e-01
2.434079018308216713e-01
6.898208383127654719e-02
5.578348566931470298e-01
4.020015413433010720e-01
-3.416129302790783528e-01
8.149000658553157139e-01
5.562585219711965179e-01
1.207698875052303666e+00
-7.449151285839301917e-02
-1.788469071567727886e-01
1.337169660042788699e+00
9.606818787150984973e-02
3.380229458488833161e-01
4.362576737878436778e-02
1.044970647620545590e+00
1.092755146540919320e+00
4.918735998233902396e-01
3.177992469669274067e-01
5.339502620544153144e-01
4.715477808778338886e-01
7.457382070985415501e-01
1.073932623007022302e+00
9.204835080223356947e-01
4.687156607672510744e-01
-1.438787872802659296e-01
1.168600272849138477e-01
-1.008911773478258639e-01
2.633905454999134199e-01
-2.775925361717545004e-01
6.187752070751743050e-01
2.588524678261740486e-01
2.455748245726731005e-01
6.773909921208647322e-01
-4.645983370581207028e-01
3.974702338939178903e-01
1.000697340865592810e+00
-2.024373476166204527e-02
6.361874784146028805e-01
-1.899111602745909844e-01
-2.445941688633477828e-01
1.065017673700486167e+00
1.038907627610828471e-01
-1.157865826629353168e-01
