2.253998620576708189e-01
2.521235065041369516e-01
7.023571783407620561e-01
1.394011950183470794e-01
-8.128181487035721076e-02
1.291671482551690064e-01
1.718471981735189835e-01
6.073494351222566423e-02
1.242950876448457032e-01
-6.414941290457971956e-02
6.227558346223300845e-01
8.074062450764423193e-01
7.823547551604304040e-01
-4.318807420187780605e-02
8.008756592557299270e-02
3.238615403945411253e-01
9.076559866641165097e-01
7.243066500679407049e-01
-5.292052344603458414e-01
5.444370716820549072e-01
2.439101662421520322e-01
9.262027167672817196e-01
6.146767932924959155e-01
3.198440664307313219e-01
2.944742938241342103e-02
1.034710956801485615e-01
3.290471521275945554e-01
-1.001565859986039420e-01
4.253218200318051312e-01
2.306526246578014805e-01
-2.735344597496739902e-02
3.154053487611283013e-02
3.338560085276965350e-01
-1.316060996284592888e-01
-4.485750702909252485e-02
1.536789940328164572e-01
2.743028449053134810e-01
-1.934105118830849734e-01
8.530627050325912952e-01
7.851701107515779432e-02
6.672329915189683103e-01
3.277173279889458724e-01
-1.321873357464558862e-01
-1.130635973083376072e-01
3.830668327255152272e-01
7.410254685710843114e-01
4.061048416570344766e-01
2.091178044776152434e-01
3.533850714211289601e-01
3.276436237071859159e-01
-1.058772403052860578e-01
1.022631483029840527e-01
-3.051265461911817911e-01
4.312411215999919362e-02
4.269032144477009072e-01
2.989031819393118128e-01
-7.179719883418685111e-02
6.185474786422557880e-01
5.022889959025449436e-01
7.516105134254952302e-01
5.276701340240786964e-01
6.182420954724638928e-01
3.636647404108279691e-01
8.646253926212934537e-01
3.126618708236020283e-01
1.866848375858695674e-01
5.681045932044335167e-01
-4.448397332267364085e-02
7.311458571827532671e-01
4.170404306734188937e-01
1.074431030292916645e-01
6.994110203542316384e-01
6.027287080721382972e-01
2.946608477460016529e-01
9.262070299059869116e-01
3.503793837628618735e-01
-2.063296267393482653e-01
3.978984505198057686e-01
5.298901621046778893e-02
3.501377196173206530e-01
6.607779295015260290e-01
-9.372398434767970077e-02
2.410591354725516999e-01
7.678194323198435089e-01
2.880139926093692737e-01
2.399031143214308825e-01
2.348908372447269105e-02
4.560130278925264569e-01
1.361958622107571903e-01
3.591085314421816888e-01
6.040450110766905079e-01
3.334135486962878092e-01
2.461155215428831589e-01
6.660662880862654456e-01
6.216999137612720938e-01
5.790086869894264243e-01
-6.543194896084428280e-02
3.816902087461944704e-01
-3.045113773825749645e-02
3.562747469119362798e-01
