5.760820552019086938e-01
6.667584627755644977e-01
6.648368729162601465e-01
7.923994662906652664e-01
3.212555427901468419e-01
6.428414618043624129e-01
6.568026019281087979e-01
5.074345277927013731e-01
7.857021922904978695e-01
3.024296298020656693e-01
7.580451930228860880e-01
3.131764208884350031e-01
7.744775826846233002e-01
6.392181875142999292e-01
4.883700749489606197e-01
7.144550503552769827e-02
-6.170405190066022977e-02
1.646020197657817041e-01
7.389942077154575406e-01
8.155952479359525054e-01
7.576339353720061565e-02
-4.505419610693006671e-02
8.966251725423036723e-01
3.294884932705872127e-01
7.230076820329556231e-01
8.643895988493236482e-01
9.579020272343392595e-01
1.168069099631732256e-02
8.681003667978052230e-01
2.484154787658309216e-01
6.401976334667720536e-01
6.222312805007310654e-01
4.197111265748981190e-01
1.692111012802228476e-01
4.565588617138458538e-01
5.458270560874430855e-01
2.113463317567600697e-01
-3.369094438178080186e-02
8.963474337797961988e-01
1.038446679936066291e-02
7.123301627094816846e-01
6.624597631036536205e-01
5.413709827741742808e-01
4.099575936668754528e-01
1.019775249962254993e+00
9.718529875263323126e-01
5.422040299073371122e-02
4.958901602814290155e-01
2.398350730182860491e-01
-2.664541792907124118e-02
-3.362649023596667869e-02
2.549828197035994282e-01
1.010413426514646940e+00
3.740533868730704925e-01
5.463425093273576172e-01
6.817644283675887559e-04
9.036105995617106368e-01
4.832569162930307471e-01
7.385062344234004650e-01
-1.764704111990239230e-02
3.288800551863948485e-01
2.978092950432185693e-01
4.603267107541918375e-03
5.596858347904624248e-02
5.898954075995177515e-01
8.908782237238080937e-01
-1.038553828399942508e-01
6.986697100454410947e-01
6.395145323257097614e-01
4.528817575308226595e-01
-3.563061996687601207e-02
6.472408466312684627e-01
5.123102234778347253e-01
4.958243767638578214e-01
6.085868229673064844e-01
5.762087542147041885e-01
-8.300836819123326047e-04
5.391632526974990958e-01
5.814776343077113774e-01
2.851220598710296206e-01
7.341517925004723555e-01
9.533484560862504065e-01
4.231709189802689841e-01
9.381510896685569811e-01
2.280880290777416719e-01
3.706064134004146693e-01
2.586292762585026273e-01
3.044748189248015491e-01
2.841548256821192497e-01
6.443091693260447617e-01
8.882899883840453814e-01
2.981520863891368167e-01
5.468580198741054277e-01
7.663580735171364733e-01
3.319700152829008211e-01
4.540564026431835876e-01
4.125649960702257868e-01
7.711256642653369076e-01
9.859385820224708663e-01
3.625370492540677114e-01
2.028300119679943836e-01
6.892791054575354570e-01
9.103435664201937616e-01
1.396416706907315300e-02
2.571450068537672884e-01
3.484159006918869927e-01
3.973268188236404597e-01
2.240723700766424353e-01
-5.936017295839758970e-03
7.870943653841161458e-01
2.670146378061675208e-01
5.413188100686456838e-01
3.822224068118315610e-01
1.351596853313105917e-01
9.081655331274549603e-01
6.724943039764481600e-01
5.072344763281652069e-01
8.317247975308792451e-01
7.063139853259157164e-01
6.524552610515518269e-01
8.692423579984869253e-01
4.690618482931200317e-01
4.083805729650761274e-01
7.402719316439971831e-01
3.040708298387937991e-01
3.533531353462883717e-01
6.896641854518829884e-02
8.029296557548702973e-01
