5.650664559121035824e-01
5.853174622689167883e-01
3.354997096163609416e-01
-8.102953071119266271e-02
6.869085006450126318e-01
-4.675428079756409616e-01
3.986312723354455412e-01
-3.690837089361132840e-03
-6.775551808356344852e-01
2.419884330133056372e-01
3.102506134733282739e-01
3.260568763400855108e-01
-1.786209986291917851e-01
4.965544940047842970e-01
9.377791807613513608e-01
-2.087270957279120376e-01
-4.656662681508980106e-01
3.003713316319712168e-01
-2.859687890995712967e-01
4.147004362650297260e-01
6.784526419731345959e-02
-8.297559293838499550e-02
1.038451974448750259e-01
4.468814079834011466e-01
1.079500238604001572e+00
2.238602905107507923e-01
1.460672458200371615e-01
-1.247003106238545878e-01
8.493993816747985592e-01
5.940646966599180123e-01
3.443874776564677109e-01
3.564395052345389336e-01
4.024473364489356553e-01
-3.612215202989811913e-01
9.830893509911396710e-02
6.109001199624368716e-01
4.531101900894013434e-01
2.446835801479153305e-01
1.878950911192758533e-01
-8.678574484837066061e-01
1.785653819322950741e-03
-3.921305795351666835e-04
-3.652140848321056565e-01
2.004186258575723356e-01
3.725904428643364574e-01
-4.238365293736442996e-02
5.511116308585908286e-01
4.424289022474119371e-01
4.388687495798183069e-01
5.384474696259035076e-01
3.581767864014924196e-01
-4.689835068852680755e-01
-1.228441377454366212e-01
3.172518557368885217e-01
5.677009160891598460e-01
-5.760465297428211118e-01
-3.437429274852737970e-01
-4.620279687334877261e-01
1.145332575033451095e+00
-6.023926977781083325e-01
-2.053851710114537044e-01
1.228019137606405353e-01
3.677466245234349285e-01
8.114955488238713155e-01
-9.245425970652089431e-02
2.342127986577906273e-01
1.360925453170393207e-01
9.995510554232449330e-02
3.905151189211252261e-01
-3.895652842002063077e-01
5.858942592730893573e-01
4.230657824606753881e-01
1.673781026827520502e-01
2.577180208479675771e-01
-2.581406045160726248e-01
-3.986394891432315513e-01
2.537285264962750309e-01
8.458246623433922362e-02
5.006622556522106748e-01
-4.520176960410913214e-01
3.729067500487085463e-01
5.606307230952040088e-01
-4.504292359778772070e-01
4.253402698422265593e-01
4.520333812363772075e-01
9.305676344799439503e-01
8.526730242687570460e-02
-3.078299430318263696e-01
3.239489407074707117e-01
-9.205196887422653629e-02
8.401756855978756433e-02
5.261805798618027774e-01
1.928008818423515569e-01
9.366168759039021630e-02
2.603458436054316150e-01
-9.877773981796209024e-02
7.584179273201411275e-01
-1.491267997378814825e-01
-5.369906380439580795e-01
3.988883733638629719e-02
-3.999710781439710372e-01
5.124076898135518365e-02
3.748901433474625122e-01
4.332836658230900251e-01
-2.393328088685338639e-01
-5.714905417077044136e-01
-1.664907464156503425e-01
2.169640913687022610e-01
2.835665678432315942e-02
1.024729882365511963e-01
4.288990851795933534e-01
1.008338414070469452e-01
9.360423507769447538e-01
5.624988541803294106e-01
-9.345383655443224857e-02
8.232420291545637925e-01
-1.856500020870731626e-01
-2.979618808939745733e-01
2.810042541743767996e-01
1.201411840294503985e+00
-6.358503792396288934e-02
3.778905925057556014e-02
3.062798126492932704e-01
-4.448464254125055195e-01
8.883151662243318758e-02
3.297725951316552578e-02
8.154486556907688533e-01
3.266602390029351710e-01
