1.529298366788628127e-01
-7.687418306058843576e-02
4.750605331120694164e-01
8.134506607512329013e-02
-3.573437949014866555e-01
5.026029837680174861e-01
9.574031687195836415e-01
1.697360510049203686e-01
-7.560889134226017605e-02
-4.595015537546291717e-02
1.048909012701497306e-01
2.739225923008632990e-01
3.946727298792773175e-01
5.534119136076471809e-04
5.232713970215243648e-01
4.974207662745415148e-01
6.092000251489437801e-01
7.146710592518731309e-01
-4.711063683012067793e-02
2.126204979830400299e-01
6.496938453177329709e-02
1.864096233180380091e-01
7.717554200028826916e-02
6.136907427854092489e-01
3.169983702876956744e-01
2.932488594444770946e-01
4.804656106911056601e-01
7.346504128291653224e-01
3.369421615671117087e-01
-4.123352117382145243e-01
6.400949942996909670e-01
-1.344224514107223434e-01
-2.824770127351350357e-01
2.472815575789188702e-01
-7.772002923276484510e-02
6.585309349182175698e-01
4.092809333050262954e-01
4.760501774495946581e-01
6.676964503220286229e-01
5.400714661976658837e-01
7.750337830536081496e-01
2.358819241255626642e-01
-2.375699190648512260e-01
1.512959583832675925e-01
-9.859618672366036660e-03
7.169035632432295690e-01
1.022708269903297579e-01
3.710843143489708090e-02
8.336353572601963580e-02
3.852977790340108011e-01
8.494576858159115229e-01
4.393461944947301689e-01
-8.845415817111042245e-02
1.482747555784737215e-01
3.127353601076626743e-01
-3.245837733420312010e-01
6.154430461724667012e-01
2.115593206159935846e-01
-3.209325826499234702e-02
3.595801988768559942e-01
5.011183630030414671e-01
2.911612872863907422e-02
9.012716262187973060e-01
5.606004633654538827e-01
-3.903401558487598622e-01
1.923629173104082490e-01
2.785289376145447943e-02
-4.825489620046377048e-01
3.182099183393843900e-01
-1.006354281934965095e-01
5.590602172274092840e-01
-1.144087732874636380e-02
3.206075949639157763e-01
-1.179418633853169945e-01
6.348146536199239520e-01
-1.676754345853647965e-01
5.715728425751076536e-01
-2.965285032915134650e-02
4.813228979461671719e-01
2.085827316684917276e-01
-2.668699845711722252e-01
3.609938378870400366e-01
4.419783486771772241e-01
3.820959830839271154e-01
6.257719588773005270e-01
-3.625484180767926667e-01
2.756423148746425106e-02
-2.197792414303019470e-01
2.503733112330090438e-01
5.646846775631373383e-01
-2.164229845741383607e-01
-2.923329795462538128e-01
4.209279091758336699e-01
-2.603647779378359672e-01
5.008803062004464346e-01
6.500747884322723991e-01
5.449486513901108387e-01
-1.147940414661327985e-01
7.847112689265308694e-01
3.201044464363703712e-01
9.106177483756563440e-01
5.060389556675102263e-01
-6.477349162923913160e-04
2.571318668448358546e-01
-3.012381761568159178e-01
2.811200457426028532e-01
1.412680547701615497e-01
3.023089931810748338e-02
4.982596769941014525e-01
7.156298552913639144e-01
4.291645121273428010e-01
4.983787101843086265e-01
1.939602147436222390e-01
7.566656416933512652e-01
1.257224611977819650e-01
1.622071903714030205e-01
-3.093627745363151105e-01
-1.687292054138082309e-01
2.188189707014058238e-01
8.361820607442690401e-01
-3.575609712751946501e-01
1.444595543160481221e-01
-7.980690475048925203e-02
-1.961884084185165078e-01
1.819783695047375582e-01
1.687433484293998920e-01
5.824352495468601010e-01
3.576549698641025010e-01
8.841062450548693441e-01
2.233803872654138156e-01
4.641666157096407397e-01
-2.693658744966282992e-01
6.708890133311116999e-02
6.903711189460928210e-01
2.744178206536297959e-01
4.964764484140883338e-01
3.632124069813132405e-01
-1.066305805374972993e-01
9.520353444983950530e-02
-1.317285470656600066e-01
1.425988750566107022e-01
6.267046955387775009e-01
-8.345098799832850744e-02
2.176391484714747249e-01
8.694897199211314431e-01
1.841215491106925617e-01
1.482636778968355884e-01
4.179530045355448475e-01
7.278749882442185452e-04
2.192287892680662431e-01
2.957343962574166540e-01
4.177347710870845665e-01
4.686951710528383108e-01
9.911542988066707194e-01
-1.240943686071393076e-01
-3.058119039817306511e-02
1.868009300070512524e-01
3.940561958351051358e-02
2.949197906594268059e-01
-1.277518090546025109e-01
3.569001610030537175e-01
-4.583563218282988433e-02
2.360934140414758520e-01
3.551097092846171033e-01
1.099547758562546829e+00
3.999366197048778160e-01
3.142075624118202959e-01
5.510016735571593438e-01
2.586704175294734509e-01
-9.800448557241063507e-02
6.833661620761514177e-01
-5.423696774291518752e-01
4.118797200927958313e-01
5.082822553256256537e-01
4.963995256658838562e-01
3.884220716240734950e-01
1.965732820399876679e-01
6.010809387750339905e-01
7.721483394350363572e-01
4.406119445613535524e-01
2.728285145142222978e-01
2.845721559830021175e-01
2.293204135649149766e-01
3.011571238539014761e-01
1.369575811187424830e-01
5.762649649435919175e-01
5.839793946950817549e-01
1.036799955784225846e-01
1.010319347057242911e+00
6.169905479656047076e-01
5.042791336079366360e-01
-7.305505241409636363e-02
3.631620573941872210e-01
6.101358994793603108e-01
6.248117918497744228e-01
-8.812957484276238984e-02
-8.628559575212094157e-02
2.745436982742543996e-02
3.999909180111575480e-01
-1.023630512288965233e-01
1.361971728539022874e-02
1.038725452816233463e-01
1.144222570124445726e-01
3.041036967110073985e-01
3.464228480843369040e-02
6.998195935960650482e-01
3.048303981165123577e-01
-1.297525242010185431e-01
-8.009066896846327166e-02
-1.808888521917468850e-01
3.030074585349219474e-01
9.201551661258203785e-01
1.009364220188244676e-01
-1.861684559774574033e-01
8.497991404864534415e-01
-2.145986535629122449e-01
-1.032129910805113654e-01
-2.014878840055456810e-01
4.952744453035821115e-01
5.935305998289435170e-01
2.973690824766993535e-01
9.874545603046950282e-01
-2.872729144413149749e-01
-9.635428695674590205e-02
3.595043531034939899e-01
1.682428582417452023e-01
4.330586925340592086e-01
-3.266191303336995477e-01
-4.802330895742742967e-01
5.576310351930778841e-01
8.268506591049789023e-01
-2.280066842226263074e-02
7.421672207245515462e-01
-3.558405222186958317e-01
2.909431250509708633e-01
3.338388594105317075e-01
7.135553020565772453e-01
-1.846459522567773237e-01
5.911140411526822902e-01
5.566198827404121863e-01
1.282479855885797042e-02
7.568621361366830724e-01
4.840824145125600109e-01
5.456496508187916317e-02
5.084479374273028762e-01
2.163165844711392727e-02
1.501366385961700606e-02
-2.258812253724539754e-01
6.259027803093852871e-01
-1.453893198018004207e-01
5.938115120129238145e-01
3.586188993878189346e-01
3.305682999593610449e-01
1.878284451731625782e-01
1.117717600993164834e-01
3.911629345938395508e-01
