-2.306411242758804603e-01
-1.050097643322020491e-01
3.262341512115594089e-01
2.343600800739649159e-01
3.478196235987437990e-01
7.613933149279900059e-01
2.327930843588486287e-01
4.979899068118730510e-01
5.890169660065056600e-01
5.754980943178528152e-01
6.090135791919187858e-01
-4.029198942186658638e-01
7.980672876930826609e-01
5.552324649947272261e-01
9.470794418062655762e-02
6.809551924776527931e-01
-3.304906388827938413e-02
2.767897427014707201e-01
2.424877684060197103e-01
1.251083876147039975e-01
-1.250433000480689061e-01
8.484650825156391241e-01
3.801455185312603846e-01
4.951710669925445951e-01
3.032272927317339328e-01
-8.457106606328852402e-03
-5.075465776905468268e-02
3.374427536403984407e-01
1.305727125960158552e-01
6.886585135216191644e-02
3.330884416879733578e-01
9.075759101239873061e-01
-1.270967527382999840e-01
6.052787783978188507e-01
6.805290558568469761e-01
-3.474677350285521604e-01
4.362599474021651158e-01
4.611992906386035429e-01
-1.535319660330880243e-01
2.790883958868635717e-01
1.014819507316872205e+00
5.740322538973984257e-01
4.043852625258166356e-01
4.233616976158641743e-01
5.496806298991377959e-01
1.341513632555194624e-01
6.117338477297090682e-02
6.818341860889604034e-01
1.256699407898506302e-02
3.701961975312163533e-01
1.078331036384539976e-01
9.235387692441301977e-02
6.703582463439921035e-01
3.382644820489760229e-01
-2.074450332827422749e-01
7.038836436826965137e-01
2.550014322170942038e-01
1.758713751360833563e-02
5.554162035381128293e-01
7.821096501756737984e-01
5.490393030791988066e-02
-8.505641411133375851e-02
5.725727817731355446e-02
2.337826643648177050e-01
4.750518801285576465e-01
4.820426967997629153e-01
-1.660935633642437459e-01
2.012419302117333109e-01
6.482775055415569421e-01
3.112436995152822461e-01
8.906391456623870273e-02
3.733326712137726155e-01
3.320585799053130671e-01
5.210714997706253904e-01
4.794887533231675381e-01
-2.128322704465969162e-01
6.620946491592979433e-01
-1.586124450257378818e-02
4.033823490307795745e-01
4.561830563425587348e-01
2.009991691918469325e-01
6.350097822219755717e-01
1.627634458905258263e-01
7.036943192337393738e-01
1.257956977560533707e-01
7.837700347331412187e-01
-3.533223319105527893e-01
9.941380140276909749e-01
6.612687881762132625e-01
9.445576613687774181e-02
3.460385244074966060e-01
4.010115829690243383e-01
3.520945822598076647e-01
4.673900034041807428e-01
5.007561003405400224e-02
6.277437193762603895e-01
2.562323445582884718e-01
-4.557615534989956085e-02
7.790065742318158515e-01
8.890216050481365428e-01
5.630547420026666972e-01
-3.180570863574060103e-02
-9.165044663922365664e-03
7.210625227016898009e-01
2.790205885493640681e-01
2.590268810016631562e-01
7.161533830916201326e-01
3.837217137974898162e-01
9.090744535047614594e-01
6.458735660409843649e-02
7.599385343931257530e-01
8.117289203707339640e-01
5.778817340846849060e-01
8.444989861082413674e-02
-2.098005273416175126e-03
1.186423890451091534e-01
5.665366939181791517e-02
8.623301375979031125e-01
5.103232571569445986e-01
5.496723161256752421e-01
7.419041128550813990e-01
5.995829509003921393e-02
2.469748628253353936e-02
-2.013266658543627630e-01
5.539177566149525722e-01
6.732610607545766283e-03
7.886648195750496360e-01
2.345696816907833770e-01
-2.851604185382755619e-01
6.464696182222089416e-01
3.661692512683730749e-01
2.115882279263916477e-01
-1.357014101387930549e-01
1.418503539005362413e-01
-6.603928639417461222e-02
8.441683236402786061e-01
8.930249584399978513e-01
1.240617043231237171e-01
1.570539077759803281e-01
4.381442631373387298e-01
1.437615112775809945e-01
-3.869322501532893033e-02
-1.777761111876731137e-01
-5.942174406561814837e-02
3.955574353448639835e-01
1.388925665642755103e-01
1.647607857376422735e-01
9.711241339798712402e-02
-1.894332835437351481e-01
8.793680333047984021e-01
3.932998174906586208e-01
8.307545530262939737e-01
4.678458018701168730e-01
4.818526689707218202e-01
1.100426209450166420e-01
3.778339839598759409e-01
3.844951381093947296e-02
6.147952309285081851e-01
3.715239363450889565e-01
5.097777426837519776e-01
-2.575923687993515454e-01
3.036185101340025949e-01
2.199220812599993191e-01
3.603317263725701047e-01
2.522408367351974823e-01
-2.904568653519833399e-01
7.804449811874801801e-01
9.822573282133578720e-02
3.123384309201248099e-01
2.561599710548427833e-01
9.430956680548926996e-02
1.639125718405046450e-01
5.242777797181910060e-01
1.527975613358691642e-01
2.196580783519249125e-01
5.046986705751582702e-01
5.591001014646551637e-01
-3.319771392287524936e-01
-9.724530605126156801e-02
2.727479009725633508e-01
-2.764135502126464916e-02
7.551885889621041681e-01
3.840434496353789529e-01
2.074470029015419992e-01
3.596782677502889936e-01
2.173384835430273443e-01
5.391548479920296039e-02
4.691788931755209724e-01
7.984639273430513828e-01
4.543439933370752026e-01
4.185549018498773144e-01
1.609992460179706375e-01
-5.245655546403961422e-02
2.235242241904840110e-01
7.247711633838891387e-01
-9.246980792381720438e-02
-1.619414561936173558e-02
5.033246081031989005e-01
3.580705456583245239e-01
2.992541141623745737e-01
-3.296794091412307282e-01
7.966552716478561003e-01
7.099469826057724919e-01
-2.545052366307068437e-01
1.958192527463949173e-01
4.562238277347673843e-01
4.549368076130987371e-01
5.785875598163139344e-01
2.436816140529733110e-01
7.487580215120251230e-03
3.024246016359324885e-01
1.611237343076250272e-01
1.045041975236071091e-01
-9.233381946070287616e-02
1.184549152094869912e-01
-2.123822650894240383e-01
2.182908177062097554e-01
8.938726743718143908e-01
4.356200089817073295e-01
7.277231708165575463e-02
1.043857417872223609e-01
-1.916348081699280337e-02
5.689892356952838126e-01
1.855999011098151408e-01
2.753468770076381578e-01
3.714577905545375924e-01
-9.731493399095025865e-02
3.682453674888820361e-01
-2.209601397356769081e-01
7.738889043726371320e-01
6.105828651964924081e-01
1.281165780213860961e-01
3.507344114179633543e-01
5.135871280077131118e-01
7.341264757078250769e-01
8.436139583375408257e-01
3.389506051682488752e-01
1.099599436707843769e-01
-1.441317318512066459e-01
5.174161525320050137e-01
-1.445053931221407517e-01
2.548894064934463799e-01
3.544470027107932131e-01
5.257401858337308331e-01
5.724688325304648773e-01
1.731630486071900343e-01
3.159314320431461098e-02
3.482891008307937297e-01
2.114860627636021007e-01
3.052234101484967987e-01
6.494016317339537103e-01
4.309999060550567807e-01
-2.294758049136619293e-01
4.571453275483319256e-01
6.568836298585398192e-02
-2.412925418503129582e-01
