1.579240672939590695e+00
7.982518911286057284e-01
1.639758439565843773e+00
7.804711126153016654e-01
3.129877103120179416e-01
2.206729141575070330e-01
1.085112889582290796e+00
6.113061781400522809e-01
-3.427220193904896295e-01
1.081331345417463119e+00
1.479256662670716260e-01
1.142292554976720886e+00
2.140644418639061075e-01
5.778262002365839312e-01
7.885397074382900495e-01
-2.097872299914820826e-01
1.025410836502145928e+00
1.057865179096102004e+00
4.342280310030389168e-01
-2.704073918000722832e-01
1.968903614169006167e+00
1.284786978386610878e-01
7.928085104036297626e-01
6.672939357903884261e-01
4.414743367621515868e-01
1.665884144641082365e+00
-7.723589439269458179e-01
1.513278912918828434e+00
2.931343981366768547e-01
7.184119651701121878e-01
-1.047819697069945349e-01
-7.530499588452214954e-02
