1.139776277888092659e+00
4.485105719890727372e-01
-2.500683156364494342e-01
-2.383501985790825450e-01
8.377622049907026414e-01
2.477939847123009631e+00
4.778621182840903647e-01
-2.775285618276938093e-01
3.978909252938528929e-01
-8.468966684529811995e-02
8.514416081991140750e-01
2.981106991448659316e-01
1.140831153386884900e+00
-8.876513608771510189e-01
1.379916675825219041e+00
9.299157052373581145e-01
-4.349682074604361848e-01
1.252235768559022411e-01
-8.179649514651295139e-02
3.953423276872589653e-01
-3.513023010978900129e-01
-3.931822142931182817e-01
7.188448971559462108e-02
1.368978801377504773e-01
3.473044059764292535e-01
1.819072342193088498e-01
1.331059700915462773e+00
2.335545946992743926e-01
1.035292746213920673e-01
-1.120480191645645496e+00
1.119223780547237701e-02
3.437743477889093624e-01
