-6.853252121924576779e-01
-8.998754664745860221e-02
5.470339026752792932e-01
7.979071427967390773e-02
-7.516585603168418617e-02
-1.046509171693726092e-01
-6.489712840277999106e-01
-2.799013172104425351e-01
9.191104632589944812e-01
-2.887638903100087640e-01
1.307545960910529992e+00
7.607413855561732108e-01
1.297277637129496952e+00
-6.419347742849766947e-01
2.653187053238598159e-01
1.708865520903742663e+00
2.113717091425481587e-01
-3.788238021568305913e-01
5.802205080164846152e-01
-7.590979805557973581e-01
-2.853756832288420475e-01
-5.889432391887632588e-03
2.865646214288242732e-01
3.242592793429668330e-01
-4.498880934784513230e-01
5.052076594265886289e-02
9.110644521979556140e-03
2.124672071099214798e-01
7.360285069571823602e-01
5.567930246389238835e-01
6.056222290298053368e-01
1.529631261051510371e+00
