3.897541213387122339e-01
1.318198779274264154e-01
3.810224764684802534e-01
1.696407038916818433e-01
1.622844571899107746e-01
3.770268853993356539e-01
6.392596855409369283e-01
5.400756874586570833e-01
1.029912722910257400e-01
6.136136106134175705e-01
1.267870936208322252e+00
-1.450556239357630450e-01
3.020841145901407843e-01
8.319265977088912134e-01
2.176376804297696366e-01
5.545591432460134085e-01
5.948358857721328663e-01
1.280850003546634142e-01
2.812057646784820938e-02
7.153285416866092539e-02
1.129858520979237557e+00
7.134421782295483627e-01
-1.802432049328161479e-01
4.813725528427443279e-01
3.137370414354928583e-02
2.381851747608121073e-01
6.989220212213266038e-04
-5.345985725247840575e-02
2.143140038159602745e-01
7.368818866688055247e-02
2.732850907338676416e-01
8.013497081135259048e-01
1.595815257912187590e-01
2.781425914739061311e-01
2.930681554767815555e-01
-1.880319785015777401e-01
2.613624426099231957e-01
2.234814123065345659e-01
5.623138376552666573e-01
1.329502402509164516e-01
7.994509930707552892e-01
-5.697363016653084200e-02
5.469958444944239551e-01
6.421947845520077358e-01
7.524970247541435953e-01
1.237384533262914088e+00
8.946319970566308788e-01
-1.409679848910032618e-01
6.623988266999707442e-01
4.474792220469454018e-01
8.264367269945025463e-01
1.136529956381822706e-02
-1.344662008254219332e-01
1.952521238790045910e-01
2.927286739285974923e-02
-1.296941870999733237e-01
9.232959754059941737e-01
7.535204533588649722e-01
6.981758491120041432e-01
7.701138995934391218e-01
4.623159101414927030e-01
9.295582769669399337e-01
1.575981392339886433e+00
-2.313235387272786353e-02
