2.450791153747032824e-01
6.487565629455979699e-02
6.064643289325796216e-01
8.358210091081695881e-01
8.767997229585356989e-01
6.842382459957082608e-01
7.383300470438797225e-01
1.644254587923343613e-01
5.258273675105551437e-01
6.914536976552473346e-01
8.071151981169061296e-01
6.617438892049282151e-01
2.779159896152857412e-01
1.111372808766690617e-01
-7.407978406956772059e-04
3.721830209324187844e-01
4.846037776133387820e-01
6.185667056675741016e-01
4.273951659004172066e-01
6.220859781933411048e-01
5.184162798770777236e-01
3.362913153644636610e-02
-9.169762300568855273e-02
7.997479428134266488e-01
1.460451460558479519e-01
5.269595688047685744e-01
1.916079173012641135e-01
4.273366096210411413e-01
-1.467409839250269632e-01
5.331034123236886302e-01
8.373219933414475236e-01
4.195637738383841686e-01
8.657639351095754998e-01
6.729668883032235982e-01
3.458293096784027104e-02
8.749614210558800398e-01
2.155533815564669164e-01
5.748737945920642245e-01
5.374345461134876212e-01
7.435420421319759443e-01
2.528912428393181866e-01
8.104673929081214201e-01
8.652476717828360142e-01
9.020662114649498076e-01
3.101908838414841885e-01
3.960178598868282496e-01
5.354393761451463618e-01
1.029517289888408627e+00
2.408502432916016234e-01
2.038255542245214214e-01
1.529550496221489253e-01
3.335682426496637265e-01
7.548567048992156359e-01
9.377899651545733573e-01
1.463430964455867886e-02
5.752992392954954237e-01
5.711998668976021598e-01
2.707455288538158089e-01
5.799107828246057028e-02
8.962217020019647151e-01
5.973054793629513359e-02
3.753866841795994724e-01
3.808431974148984156e-01
4.857412155357241912e-01
