3.215954461008512788e-01
2.178049313845907831e-01
-6.555029772546011602e-01
-1.850632167597189917e-02
2.128084227542705043e-01
8.373008334058715807e-01
1.394518922974922748e-01
6.598330297830128366e-01
1.980252639895856495e-02
1.650740193006939027e-01
7.369363487249850353e-01
2.432582128620202622e-01
-2.812056734572365158e-01
1.967877880690217796e-02
9.539528431155950283e-01
3.796644427672620226e-01
1.063497882859508303e+00
1.128413439246641392e+00
4.307225937068588639e-02
1.093024357258764123e+00
2.602421281920164753e-01
3.430407744023750705e-01
5.559866902292356361e-01
1.653942283057004081e+00
1.943102861135641291e-01
-4.908757956484257820e-03
-2.343902087675082679e-01
-5.112062161647908942e-01
1.047958296004447842e-01
-6.951265031998308391e-03
2.381875126163822687e-01
7.215460603979626519e-01
5.336924196601534609e-01
-4.161903891344351236e-02
6.358249876352479735e-01
1.548121719249917705e+00
3.310118413810647642e-01
8.330669704981418233e-01
-4.716642356145295950e-02
7.837351474155762610e-01
-4.464083186953813898e-01
1.327018192820550446e-01
1.612452938918955136e-01
3.689123064972354982e-01
7.926346848510160692e-01
5.011755627852279016e-01
7.140263100088848347e-01
3.685831140815746809e-01
4.046471874458744400e-03
2.001911406749244393e-01
9.249626743115232919e-03
1.125059640407317652e+00
2.546819717135749839e-01
-4.205574581250884902e-01
2.701959045405525894e-01
4.384651445314290408e-01
-3.746902415703942668e-01
5.613968786913797748e-01
-3.795837867292772283e-01
7.555047700427580670e-01
-3.075950536903764299e-01
7.496887347480756247e-01
-5.258340161431187404e-02
9.917210412889985172e-01
