-1.868164250298437190e-01,-3.634426979296692672e-01,2.401938905742992514e+00,2.057880942232462207e+00,-3.123614871203696630e+00,1.680447684599870151e+00,-1.359741811432997327e+00,-1.113310810146084684e+00,1.498157140337157189e+00,-6.008154361435791735e+00,-4.611136199984672501e+00,2.324459472857524744e+00,-2.835495674716729475e+00,-1.149742417094075320e+00,-1.318234142843735857e+00,1.550775056943361152e+00
-6.791411068246058669e+00,5.599927531414505832e-01,-1.567794932427119647e+00,-3.165840607288739061e+00,8.828097373145104010e-01,-5.067716423055194097e-01,4.046413381029360934e-02,-4.188529827688956542e-01,-6.127057929588866081e-01,9.087298609303152697e-01,1.128559065917285498e+00,-3.505258084363253701e+00,2.097575295610354384e+00,1.895845749754540566e-02,9.899018569187361116e-01,6.074578441494951075e-01
5.935838610410754113e-01,3.408233517532670120e+00,-3.783750987171477398e+00,-4.613925246481983322e+00,-1.554311809511980336e+00,8.163990517493630028e-01,-2.046299984011053841e+00,-2.235515841516598989e+00,7.159374296682557981e-01,-2.572164355298983907e+00,4.112095442230147668e+00,4.534222006022099016e+00,-7.487090454623124280e-01,-2.197758771212725559e+00,-2.612736436595450851e-01,2.847064883247143019e+00
1.228226905603228891e+00,-4.136808838574985714e+00,3.584999713277541300e+00,-4.354205710831954512e+00,1.710747987618334853e-01,3.055179950290010105e+00,-2.378730994251898156e+00,-2.257737451108372095e+00,1.319935764605731476e+00,-1.260105147265052905e-01,3.798185474465876066e+00,-5.094994542444928776e+00,-4.126934347490436750e+00,-2.482301060601904918e+00,2.356259347553628647e-01,3.532383670395629061e+00
-8.627284928380901663e-02,3.993650791052565374e+00,-4.833279184753652480e+00,1.371050983868059125e+00,1.041463886143846551e+00,-2.034054557468175872e+00,-1.397149837358300006e+00,-1.559863007141980784e+00,-5.550791563886346758e+00,1.222391054816130973e+00,3.192332151973269916e+00,2.174239958348380686e+00,-1.252814460990806511e-01,-1.455726973251593614e+00,-2.170627340795857396e+00,-3.341188614188161932e+00
2.301766732601177035e-01,-2.117637483754883476e+00,5.016680587762513355e+00,-9.891645085586368014e-01,-4.815748132869808629e+00,-5.597478544512648924e+00,-7.185771465663560731e-01,-6.248612261287487257e-01,1.791862055836181078e+00,3.695299283669173818e+00,-5.621438065889421409e+00,-9.756233543486622084e-01,3.080622389654143478e-01,-6.176019226836113596e-01,-1.494943435527920750e+00,-9.070211261481301301e-01
-2.415295260182701298e-01,2.197753696600402762e+00,-5.241967010824595263e+00,1.034589247691641845e+00,-2.747842398434817035e+00,2.272231194296157941e+00,-1.366865758991603119e+00,-1.173409048947581246e+00,2.375935252527471064e+00,1.730202871219330696e+00,-4.467014138847333449e+00,1.207617202002723378e+00,-1.791326497885516178e-01,-1.198325267133536931e+00,-2.203584909331590236e+00,-4.468168639072795933e+00
5.813600478777295466e-01,-1.563922861991832614e+00,1.577943551240799547e+00,1.082580651641559477e+00,-1.191866157679063676e+00,-2.384353521112314578e+00,-7.826022598805045805e-01,-8.951476550509468444e-01,-5.557036194919162675e+00,-7.223681190313684830e+00,1.801368454406008457e+00,1.309602790855783017e+00,2.482178326768479160e+00,-1.038603919354307070e+00,8.482439880163445967e-01,1.150818476863135098e+00
3.975877240357224895e+00,-3.451961934698559276e+00,-5.463868017549810219e+00,-5.726633304292001014e+00,3.102470551937781984e+00,-3.713429805321701416e+00,-7.589259098188620989e-01,-5.228401596387435291e-01,1.880781517814091863e+00,1.399553685091449617e+00,2.087780314555485184e+00,2.377895546664077486e-01,-4.200071672910393517e+00,-8.363836713563179703e-01,-3.579090743009615938e+00,-3.183342782348284938e+00
-1.015148992431983005e-01,-5.757584880597690358e+00,2.767570092503370827e+00,2.435609601812032121e+00,2.320946669777604665e+00,-1.337426566524444471e+00,-1.624138012230759376e+00,-1.427123648087507579e+00,-5.680265004266655815e+00,3.753410030752792004e+00,1.914938639309910151e+00,-2.775739395956302147e+00,-1.990802673084642871e+00,-1.602043848621172994e+00,2.118225716370870093e-01,-4.527062658886324975e+00
