-1.206236001694907856e+00,6.096708324714937566e-02,1.135496723241352784e-01,-1.306290306583788030e-01,3.277925229349799574e-01,-7.905487138387000401e-02,-1.203551976276081570e+00,-3.915341557960627106e-01,-1.190702218181348027e+00,-3.840173426507701437e-01,7.196677174499747087e-01,3.757392839192605916e-01,-4.714975961499176527e-02,-1.057254219086678715e+00,8.821625103023529590e-02,-8.775474675447499928e-01
-6.270979044700829563e-01,-2.597184167744807315e+00,-4.333619678762071770e-01,3.716178983517298140e-01,-7.537056389034451076e-01,-1.028465550945632412e+00,-2.137044167702764896e-01,-5.288256132644989643e-02,-4.616031386556503358e-01,5.007320814141777987e-01,-4.263163755439207114e-01,-1.120576466236149482e+00,5.273133777105115660e-01,-1.348915612707716427e+00,-4.151740644698838634e-01,2.262136444974222615e-01
-9.776975715736185846e-01,-6.199156619700221249e-01,-7.216605545754495310e-01,-1.006302407072650951e+00,-1.051346300566995629e+00,4.063634255729550171e-01,-1.753510989655442387e-01,-2.115956427748771074e-01,-4.900786482332574745e-01,2.771668364256230643e-01,-4.073328113932546679e-01,-7.755067212547792632e-01,-1.138062114343989739e+00,4.168906286017218799e-01,6.175694727005468648e-02,-4.965956419676260669e-01
-1.100493831544822498e+00,-2.723876262720735242e-01,-7.416968879809020532e-01,-3.711140689591440611e-01,3.089319868237245248e-01,-6.788400913604429876e-01,-1.747663050745454361e-01,-7.642082041068725129e-01,3.362025141226445135e-01,-3.551609786717112027e-01,-4.973701533042168554e-01,-7.052816777237266299e-01,-3.586499574129997647e-01,-7.643168532551105621e-01,2.492827717558556699e-01,2.536516503276696755e-01
-4.994038380428137414e-01,-2.594303300398097978e+00,-9.508712578815080585e-01,2.089827217624465605e-01,4.092928904394285139e-01,-4.483363253963806305e-01,-1.028842943361027995e+00,1.785092039087174051e-02,-5.921470600791225447e-01,-3.988367546169461764e-01,-4.225377282044626148e-01,-3.725154359455599140e-01,-1.151056390483590208e+00,4.012795040323432483e-01,-5.046607881804004991e-01,-4.047736324836180288e-01
-1.373929498261760695e+00,-2.604911147416251738e-01,-9.871752491860719125e-02,-7.432012325529917529e-01,-2.123835473748075103e-02,1.609377607303812407e-01,-2.397864839499848355e-02,-6.567386572884846840e-01,-5.082056884497595517e-01,-6.147760287998500495e-01,-4.108533748542638753e-01,1.783552180147318922e-01,3.241930568083246644e-01,5.644283363912610402e-02,-4.970727914259149838e-01,4.377310186042639439e-01
-1.376331676621357580e+00,-4.378163231967865943e-01,-1.059171351470634903e+00,-1.298187480164945562e+00,6.104461325305045039e-01,2.013248890167936012e-01,-8.988253705059140453e-02,1.307835332646442028e-01,-5.871644375472400590e+00,-7.380390889196905557e-02,-5.465411705097853456e-01,-6.293236587040819119e-01,-2.396900664241311263e-01,-5.698315658944834716e-01,-4.929201624500342271e-01,-1.105572576060342094e+00
5.474717328351628165e-01,-1.262613587811839855e+00,-5.871718270955956775e-01,2.626000917322797445e-02,-1.090556288319870060e+00,1.277851522947163754e-01,3.094136836543908142e-01,-1.154036087658639964e+00,1.375772596285729232e-01,-4.306752537628036337e-01,4.120630006953593383e-01,-2.080811945855094991e-01,-1.027280126855109943e+00,-3.853668968426969821e-01,-7.020886172030579297e-01,-6.281591535691419814e-01
-5.078385301679709807e-01,6.897092113717345763e-02,-9.300333766082898856e-01,-3.371969177322697298e-01,-4.580791107527766304e-01,-3.464165411002264050e-01,-6.214740654747820392e-02,3.294716857598407600e-01,-4.555865700251905959e-01,-6.960732328429966032e-01,-7.973385165115973727e-01,3.272296202003790455e-01,-3.316290942826987109e-01,-3.522857644115743314e-01,2.554389943378678612e-02,-4.496949209901611733e-01
-4.529481815938711797e-01,-2.101715544986351603e+00,-9.115602675217786624e-03,-3.097671906795695373e-01,-1.840565963861638954e-01,-3.260270677417961283e-01,-9.491858220969079385e-01,-2.298944830518445115e-01,4.648537361096878318e-01,2.284545335793279341e-01,9.685875076555398129e-04,2.134867725052990162e-01,-1.115132195038232910e+00,1.133628433816427465e-02,-5.249622894826387887e-01,-2.557919272866394922e-03
