3.320849284160538040e-01,1.104481170568932524e-01,-1.507124753954269814e-02,-4.555937669980747451e-02,-1.061513457004840788e+00,-2.060124776735905439e-01,2.156380334352826778e-02,-2.624960556920188925e-01,-1.525730932092851377e-01,3.921823758652324132e-01,-6.822091206321891921e-01,3.391539838748247604e-01,2.030375034489053376e-01,8.338836757755864471e-02,7.910695548342280836e-02,-7.685189598065733652e-01
-7.464868151851877798e-05,-8.085672599240745217e-02,4.201746428889552298e-02,-4.251321368239706078e-01,-1.408024155524840171e-01,-2.809913725631932868e-01,-1.025997314247686365e-01,4.210035393640298995e-02,1.744355052372392745e-02,1.565700993455999557e-01,-3.378745031881469352e-01,3.881957595446146048e-01,-4.875583018445198147e-01,4.335928309309209361e-01,-9.821197343061260909e-02,-5.376984630963133061e-01
-6.610099150116565170e+01,3.772850431737805321e-01,1.344557550372517118e-01,-3.399767141857222841e-01,-3.316105157785810831e-01,-1.540981034106113657e+04,-4.160970670900254742e-02,-6.070783701929318710e-01,-7.158873668772821475e+01,3.022855784025958448e-01,-3.403635065953916410e+02,1.766166909029512899e-01,-3.378357510541865616e-01,-1.198995331099031447e-01,-3.008122039777295413e+03,-2.268093273817942124e-01
-2.705027978612382089e-01,4.611250737345296002e-01,-8.462538645512962532e-02,-4.708532136663118872e-01,-2.351232526429296588e-01,-4.411458804001545664e-01,2.680296752271182914e-02,8.622603218804592018e-03,4.168843234022996391e-01,4.574502651284066967e-01,-5.512089360599370380e-01,-3.286974103887611021e-01,-5.495925324262664891e-01,3.177937111437333373e-01,-3.804956619001765850e-01,1.149650106921279447e-01
-5.238329149491499237e+01,2.191714443813906898e-01,1.611007102248140921e-01,-3.875276254954100330e-01,-4.312674747966132038e-01,-1.230654955109737421e+04,-6.179130837468164161e-01,-3.405246072703445592e-01,-5.788091263230640493e+01,1.885248699625711732e-01,-2.715841533715293394e+02,-2.676341565151441060e-01,2.622542568182449352e-01,-3.624028361538695897e-01,-2.402438030158980382e+03,3.188958224242934847e-01
-2.002624719717723849e+02,-8.042997449392697007e-02,-3.810603818826847622e-01,-3.162517144276999481e-01,-3.197900602837410178e-01,-4.681549927094823943e+04,4.527680532916187328e-01,-4.924733315868748962e-01,-2.180712878721707284e+02,-5.057955165175959111e-01,-1.033061766302615069e+03,-3.682633435646656128e-01,-7.353591494070621515e-02,3.077118504139267907e-01,-9.140019361454576938e+03,1.038820012505382029e-01
5.401164108138598596e-01,3.308847346757893826e-01,1.080214773280709917e-01,-1.577979410586456410e-01,-1.025400311696581523e+00,-3.705778620094842823e-01,1.948000296056851544e-01,-6.607582834272474059e-02,-5.001467345674266429e-01,7.695332759156471580e-02,-1.805780052918162237e-01,3.956153833573450296e-01,-3.943903676565068128e-01,4.294701713271913968e-01,-1.233875805614730731e-02,-4.644126974696305421e-01
-3.665262911077416669e-02,-4.038491077795625550e+00,-4.030926798172963288e+00,1.039529954641191939e-01,-3.065170057670234538e+00,-6.674564923490817758e-01,-1.851947212139278265e-01,-1.611159078672172562e+00,-4.129586752483702106e-01,-4.234209954215597094e+00,-7.018148462684941933e+02,-6.043783752941297216e+00,-1.147515916102401334e+00,-2.140496619743510742e-01,2.087117369966344504e-02,-1.096707918063744014e+00
-5.426157932662765138e-01,2.510100589013590233e-01,-4.386123041146757773e-01,-2.314127383234816371e-01,-2.807530716272731297e+01,-1.761646496720369370e+01,2.248819329469046724e-01,-3.461955714352908386e-01,-6.984282645852126770e-01,-1.972286489019362821e-01,-1.437399066838838557e+01,-1.718796069167471963e-02,-5.965855668910369225e-01,-6.136162986680333553e+00,-7.082640940271689445e-01,-1.446475855524844967e+01
4.235285182203868959e-01,-2.381998601370157953e+00,-2.654330304391149031e+00,-1.014670252091787184e-02,-2.562037870510430970e+00,-6.078711018919239484e-01,-1.148553770240864358e-01,-1.281503780283138161e+00,4.723125553007208322e-02,-2.753590821940721245e+00,-4.867912796806738811e+02,-3.978768763109854056e+00,-1.338568030482717441e+00,-4.676980226954942088e-01,-3.860651296353552475e-02,-2.248021940167606314e-01
