-3.969572201377060683e-01,3.110698984899605279e-01,2.126868543767440334e-01,-7.156084469922964486e-02,-1.359629142218906406e+00,1.191617647487809017e-01,-6.010697868493521945e-01,4.831688195222787474e-01,-7.247183477622634040e-01,-2.207702202202320718e-01,1.267495417087352583e-01,-1.422495845720015417e+00,-3.410816452707466362e-01,-1.601924552200198193e-01,6.170690299257619582e-01,4.174634737071895585e-01
-4.529464667578117498e-01,5.969808622650024654e-01,-1.814568419301396895e+00,-6.192014080938658405e-02,1.840561727843831666e-02,-1.421868794509692613e+00,8.253089593285241332e-02,-2.183769165295540715e-01,3.541657988503622567e-01,-1.107929872978702102e-01,2.244736531686112591e-01,9.120401388911150153e-01,-1.518104413320392920e+00,2.161098459369962810e-01,-1.264906272126782860e-01,-1.495213981103999945e-01
-3.681255702039403221e-01,-2.024772780075067280e-01,5.138689420162595445e-02,8.159764058836465050e-01,-3.587635855145030472e-01,-9.304356400866051757e-01,6.058376420161594167e-01,9.001035621679621956e-02,1.207687783354987471e-01,1.050386989936114429e-01,-1.414698729240577491e+00,-8.182728080767889267e-01,3.159855628298383068e-01,-2.143730224758146341e-01,-1.266805973686942026e-02,-4.786086224226386299e-01
6.109331487436532315e-01,1.550826991716875991e-01,-6.826904585707150863e-01,-1.822114784499910545e-01,6.595291064785011592e-01,1.854523456181620122e-01,-9.080691375709996072e-01,-6.075184629052002849e-01,-6.457705885228923748e-01,-6.928149546194467545e-01,-8.177543983759456570e-01,-1.359137451381248196e-02,2.628345449874509021e-01,-1.202799158894505421e-02,4.911213243409567886e-01,-8.486982292333185018e-01
-6.448060345541616334e-01,2.623072431392876047e-01,5.599263099747093797e-01,-1.038088290296758753e+00,5.933556807851022574e-01,-3.304269482634262789e-01,-1.118890654320712663e+00,-1.526136908322632268e-01,-2.551282961463620727e-02,4.115244872861711922e-01,-1.358380365928090194e-01,-6.593033053709228541e-01,-4.819921804992582381e-01,-4.454874325699986759e-01,-1.242410441129391696e+00,-3.275872761759494600e-01
-8.193436649946926886e-01,-1.899213928711732460e-02,-4.530094224254186952e-01,-2.750813354860693338e-01,-1.344357799144461352e-01,4.252375757353593633e-01,-3.862054766920948179e-01,4.714725867276255145e-02,2.394053985063285261e-01,-9.350919364625811525e-01,1.065171838063733389e+00,-4.164014352304106215e-01,-8.025913884230417850e-02,6.971683365351368789e-01,-6.329469155197913199e-01,5.029814396778087282e-01
-1.050869672416057388e-01,-3.691064611955088282e-01,6.175734702245008062e-02,3.005428176465698153e-01,-4.562705549160401275e-01,4.052958705953044888e-02,5.964761395506447406e-02,-8.082622025829248047e-01,-1.147331393503277175e+00,4.270235832646883112e-01,6.031718579869063124e-01,-8.114387649021388427e-01,-1.009337480971826961e+00,4.521803467058589376e-01,-8.120821355923626417e-01,1.844722706315024552e-02
5.894149692312561362e-01,-3.904789153788050526e-02,-1.014085373337569596e-01,6.239775616967386807e-01,3.930733161459288444e-02,5.813873981967768861e-02,2.642877294271193112e-01,-3.148761318148999844e-01,1.020496221217123967e-01,-4.827129664772320528e-01,7.628009620704402638e-02,-5.585228392268098974e-01,-8.004113230749317909e-01,-1.907463764890279245e+00,-3.711332916744948807e-01,7.148331710700572827e-01
2.688961946400528560e-02,4.420383456913516695e-02,-1.256925406085420027e+00,-1.109524552005164005e-01,-4.139044814756804858e-01,2.349909572541785119e-01,-1.298732801794109992e+00,3.426395073138225889e-01,3.505579098779348368e-01,2.243427936485537233e-01,-6.459679007359109271e-01,-5.177978633086924853e-01,-7.445233134534214869e-01,3.426158823439903744e-01,-1.431467451195772567e-01,-1.400084374453432590e+00
-3.965031964995602287e-01,3.757396801222056548e-01,3.458342272529621453e-01,-1.424745320061653331e+00,-7.359612769084483697e-01,5.452234531364504866e-01,1.347366961326970369e-01,-7.733373346372239832e-01,6.342487400864303959e-01,-1.492321518418547321e-01,4.663027070532378970e-01,2.230339381636667062e-01,-7.657632142580715895e-01,-1.858621031375012056e-01,4.616193392972405690e-02,-8.773430183507501257e-01
