-4.463593613676450356e-01,-3.497763192318857239e+00,-1.114910660082738980e+00,1.633190714339305405e-01,-7.340054229051151680e-02,5.298404951844564170e-01,-5.077942789850833222e-02,-5.888271939436477975e-01,-7.663405431422911640e-01,1.949206027968462124e-02,1.919944886862322286e-01,-1.537467087572552682e-01,-4.828555939703375183e-02,-3.942898461438475444e-01,5.510482427380004600e-01,4.785928542289887844e-01
-2.951504970577081832e-01,9.452925499550922650e-01,2.160700673227597124e-01,-7.175107267593300309e-01,-1.997197439603052849e-01,2.222796724539134738e-01,-2.119929315480988119e-01,-3.178744619265000404e-01,-1.443449753488518783e-01,-2.895008620876081407e-02,-6.311236895723957296e-01,-1.234563570990803855e-01,-1.737680229445560595e-02,-1.511413498635059804e+00,-1.071654343120229447e+00,-1.780054420901064471e+00
3.906002016191298942e-01,-2.216278920806337815e+00,-3.641218646130852665e-01,8.558081852621642061e-02,5.373469542494703488e-02,-3.169133020059397565e-01,1.079535968706101835e-03,-6.817106153358738485e-01,-8.301716942868174742e-01,-1.471249693539395387e-01,-1.670287742969211453e-01,-9.973438625884273323e-02,-1.988211741114475906e-01,6.053286239462565277e-01,-3.034018873721792131e-01,-5.059371755336750098e-01
-5.894268372149176205e-01,-1.109150084906682210e+00,3.192607734763981409e-01,4.430415035180394756e-02,-2.280640033886218235e-02,-1.326484053884368353e-01,4.589755739429801640e-02,-2.553231879227401135e-01,-7.991382453727693402e-01,-4.598836913750606881e-01,-2.185856327701271584e-01,-8.829457679862638686e-02,-3.747925249032451611e-01,-2.803141185695335325e-01,-1.857109875330034965e-01,2.124711364336652197e-01
1.022284762197532698e-01,-5.605443756176550218e-01,-3.122236977352601528e-01,-3.204100953426543552e-01,-5.387949727721095261e-01,7.883325188532244732e-02,-5.807596328644790695e-01,-1.233430241515640069e-01,1.673411390317220138e-01,1.328383613698610466e-01,-4.113171346003816065e-01,-7.850075193700452036e-01,6.365206542853731053e-02,-2.845954041357511843e-01,-1.623498808338849630e-02,8.415519070220214282e-01
-6.491593711871379568e-01,-9.842299766069475542e-01,-3.046252946380893500e-01,-1.513179889924614885e-01,-6.349439288255724623e-02,-8.781937303231771574e-01,-1.108809493864458540e-02,-5.974508045341350160e-01,-6.078241675268845068e-01,3.518708849791146731e-01,1.686987782863752228e-01,1.306696631997050495e-01,-4.210123840887713964e-01,-7.516622560451756696e-01,-9.771529516419437122e-01,-9.625810762260864628e-01
-7.856430593320043454e-02,-4.536979535960196097e-01,-3.981808557278547211e-01,-1.749201131759831884e-01,-6.628642238505926265e-01,-1.589964348795944449e-01,7.985554425771656389e-03,3.740748619353586046e-01,-9.126852723458971361e-01,-1.076546295108721588e-02,2.765950347989887259e-01,-6.472145228689376584e-01,-6.119249436559286159e-02,2.167240586349723497e-01,-4.196763787797349460e-02,-3.613152383175346483e-01
-3.591136367758735459e-01,-5.106173923651843305e-01,-1.005213728062822193e-01,-2.546733318741615792e-01,5.714337970538065914e-01,1.397859538031095417e-01,-1.541709123761688893e+00,-9.486186173241723196e+00,9.721826442711645200e-02,-9.908460182341319311e-02,-2.969961767348593185e+00,-2.811393164442868228e-02,-2.740741639258896245e-01,6.210758204631212642e-01,4.406450609873608336e-03,-3.430917960749088613e-01
-3.480417530485224731e-01,-8.381232178090112228e-01,-1.930175208294317157e-01,-9.875101283001699870e-02,-1.450625320226513748e-01,-3.600358578557947276e-01,-2.228486687978945349e-02,-4.968952579827380922e-01,-6.447079765941532425e-01,-3.936241178085247983e-01,-5.471362286756569215e-01,1.255001551164013074e-01,2.071423581204576425e-01,-2.686997162509926262e+00,-5.622442544942960474e-01,-4.525350774423116951e-01
-2.402974129461528940e-01,-8.002035490653574001e-01,-7.937937004106489225e-02,2.661005192169799694e-01,-8.331771653908215391e-01,-2.234626652512053668e-01,-1.553365622997354256e+00,-3.066460703215825756e+00,-5.793829937211589926e-02,-1.795621282245044581e-01,-3.425940295414405590e+00,2.915404725598063074e-01,-6.039059476941240068e-02,-1.994941948461155246e+00,-5.340525812044848858e-02,-2.490271049349842836e-01
