2.788372489164819279e-01,-4.534945225916823119e+02,3.433860683710409090e-01,1.585565377723764935e-01,-4.965285739086387484e-01,-3.320787356540189084e-01,-3.507420667929675440e-01,-6.186747166162685971e+02,-1.066855484057602360e-01,-5.844161366010769143e+02,-4.423636745120261837e-01,-3.191340309931965749e+02,1.023153818067027709e-01,-3.289212898879402824e-01,-1.162403489410839819e-01,-2.470939029839429395e+02
-5.535027379779538376e-02,-4.853665060862156766e-01,3.279497571812395318e-01,1.775601962615056817e-01,-3.661391242420493630e-01,2.034707580638854818e-01,-6.179518955415130854e-01,-6.175514221559127437e-01,3.824675429266471971e-01,-5.191441787118675766e-01,-7.131887580691259609e-02,4.653095161069615848e-01,4.201637716945075818e-01,-2.112941212883747907e-02,-4.225356478321461995e-01,9.944263613538120716e-02
-6.812488783066353859e-01,2.613962762251607064e-01,3.340784252859365644e-01,-7.360206480399165141e-01,1.114776147382491034e-01,4.350630482004819166e-02,-2.289679559457968860e-01,-8.172260467933770700e-01,-2.917432908140450976e-01,-3.051886845679648852e-01,-6.469300552838374019e-01,-1.848919091926438940e-01,-5.580787092166672458e-01,-1.961710194954104369e-01,3.001725032391273640e-01,4.750359250704251357e-01
3.049746121309983016e-01,-6.064709600957539637e-01,-5.424276479872841561e-01,-4.749929629252687135e-01,3.782488934447125750e-01,-7.354800586483121183e-01,-1.262498767997358717e-01,2.722109345776073663e-01,1.733394504206010323e-01,-6.858032646228471307e-01,2.513693414000128246e-01,-2.910213517579868236e-01,3.008265435879659000e-01,-1.661761362405517750e-01,5.209370769297587689e-01,-5.368408179523571633e-01
-3.908671173462935355e-01,-9.381941617266198463e-01,1.173466852279257400e-01,-5.870695489607982154e-01,6.203567881124242289e-01,2.707553126356250228e-01,1.032197333223201507e+00,-1.913432121409349929e+00,-2.127195101961010248e-02,-1.864864406243825101e+00,-3.854307568032851461e-01,-1.279870902375323638e+00,-3.756867641011926162e-01,5.205510146701456398e-01,1.163596306067729708e-01,-1.618143456552716408e-01
3.516164920246133807e+00,-8.865303600446561632e+02,4.534476062391698536e-02,3.431148251469777311e+00,-4.161110081309772335e-01,-9.385845857200020292e-02,2.430906758893087993e-01,-1.206527916961072378e+03,2.286767462199625012e+00,-1.139693981622314595e+03,-2.671190935712611236e-01,-6.215589674076107940e+02,-4.127138389823490905e-01,-6.357772955261951908e-02,-2.596634085723409369e-01,-4.848025992542213771e+02
4.907173715571188644e-01,4.208097815587377721e-01,4.063095410822090692e-01,1.621028650521878223e-01,-1.609794681295352303e-01,-2.447546797315424405e-01,8.263548279924473605e-02,-5.982153681649470256e-01,-5.362392290275711515e-01,-5.639501081999347409e-01,5.695002258503468751e-01,-1.369223519145933848e-02,1.253001687846128920e-01,3.029081975908828883e-01,-3.428952066557746092e-01,5.761667292193563272e-02
-5.229951195463086178e-01,-5.256505734205237090e-02,-1.909391390852011317e-01,-3.038624785267307060e-01,-2.008033097691415136e-01,5.670887469709912088e-01,2.574170011759334686e-01,-2.138641569138622078e-01,-2.507584416412513284e-01,-5.100447532094044140e-02,6.135025431592884548e-02,6.854765074726662522e-02,4.773959974533342199e-01,-5.652985645275827586e-01,1.369212063017741579e-02,-3.383974124383056226e-01
-4.888392063031612444e-01,-6.852007769262328907e+01,-5.638480317646898943e-01,-3.365192463181693738e-01,2.251812805278043395e-01,6.357998308750303362e-01,1.362246900680555428e-01,-9.381154363873831414e+01,5.629518354729361462e-01,-8.811438791695881889e+01,-4.889672264659524759e-01,-4.797894257896476944e+01,1.077774888082254495e-01,-3.749436628751353084e-01,5.462490424236815523e-01,-3.731467741022581919e+01
-1.787080330903916270e-01,-5.855137992072270148e-01,-5.730337304605697124e-01,1.697138808168528468e-01,2.715675185919134704e-01,1.837355909810297894e-01,-6.615467341017854386e-01,2.577780990690967666e-01,1.463285099937454148e-01,-1.606625734260432592e-01,-2.107595493750843429e-01,3.362427362270493658e-01,-2.646930308178793018e-02,-1.547834002996004432e-01,-6.032472394008787930e-02,-3.828901212598763704e-01
5.897332102668023657e-01,1.089011042697428365e+03,5.747645079312297955e-01,-5.097310448754809320e-01,-1.486642677327631445e-01,-3.954695696354186829e-01,2.405846148946380603e-02,1.486394627062295058e+03,-3.868990831558267313e-02,1.403477894304108304e+03,2.827153217776102179e-01,7.664243760788883719e+02,-4.083461491505403496e-01,-3.336474436681546307e-01,5.179357299454817598e-01,5.944596685551858855e+02
2.035899940510357831e-01,-5.852384776200212357e-01,-1.974463226319682629e-01,-2.776221784855519847e-01,-7.068334847746132743e-02,1.493388651277626211e-01,2.504828929214047983e-02,-5.801427514701748001e-01,4.633755579983152989e-02,-5.538215785360378618e-02,-3.947766504325809223e-01,-4.370958435173109002e-01,-6.013831184427675947e-01,-3.993460140257482638e-01,5.797381447172031965e-01,-4.849619126930239665e-01
-4.059675161971720847e-02,5.495454299621406191e-01,3.245365875024712188e-01,-1.369325243160160466e-01,-4.360136596004087761e-01,2.251942696765249219e-01,-3.923229100051549012e-01,-5.853186360770110674e-01,1.227785493408881379e-01,3.602439396451198594e-01,2.861836815651738752e-01,-3.336828544032260924e-01,8.791097234317150205e-03,1.973897460316441366e-01,-5.010586784081410006e-01,-6.148276731290922559e-01
-3.117460589556935169e+00,-3.628524474094583674e+00,-3.493497750009075253e-01,-3.715180258053625284e+00,-5.809191529749434535e-01,-6.421045760681216574e-01,-4.890947155410664826e-01,-7.884055083905688655e+00,-1.496451684257453563e+00,-7.438190578488451443e+00,-2.906620087451684542e-01,-4.106262449717995366e+00,-5.134665463053212919e-01,4.282883112933724146e-01,5.615949359999204971e-01,-1.492258626151497181e+00
7.842568457278886740e-01,-9.267694394474269757e+02,-2.064683801500936389e-01,1.023051755843522370e+00,-3.182495136212787901e-01,-3.256575452194780951e-01,1.490374185601800461e-03,-1.263758105799681289e+03,-6.217828106743705785e-03,-1.192574760784304317e+03,2.524391998190251840e-01,-6.510272132407762911e+02,4.343410439586624650e-01,-2.777059430995236222e-01,1.192576425769830036e-02,-5.066001359252033467e+02
-1.781743456493644295e+00,-1.197905158906514167e+00,-3.401828575584350811e-01,-1.795805145020025861e+00,-2.897965110141644818e-01,5.079760235145933667e-01,-1.325170142350084457e-01,-4.421247388247182997e+00,-7.673464186163272416e-01,-4.107423753017402035e+00,4.742372874626711310e-01,-1.975456933919110369e+00,3.678633310875670248e-02,-6.070303954829600057e-01,5.900255009300533343e-02,-7.685008392215832984e-01
