3.403784664399329696e+00,-8.041913528780312292e-01,-9.045795644441249062e-01,-7.267873371795995352e-01,-9.712655211417985379e-01,2.200442003998664131e-01,-8.728735853602422878e-01,-1.267759869940253914e+00,-7.334733750707156386e-01,3.387068329277179490e+00,-5.817420090478906403e-01,8.023791955689578426e-02,7.315183248717607167e-01,-5.097722904034015512e-01,7.423467872143640900e-01,3.317876079675563528e+00
-3.510958532098638063e-01,-4.368669298503206733e+00,9.934113821519289234e-01,6.765903501083878613e-01,-1.372550774354277081e+00,4.230841746393260827e+00,-6.401182056526225628e-01,4.489638343535381715e+00,-1.860186232356484393e+00,-3.817081106344625829e-01,4.110701369414729855e-01,-4.039951361099144655e+00,3.191258975083565153e-01,1.274912003700243712e+00,-7.776604455334899801e-02,-1.914099518076882500e+00
3.883664556609622287e-01,2.500577654440216957e+00,-2.893007233818609691e+00,-6.621170491636647615e-01,1.030216882568020687e+00,-1.608781900733433856e+00,-2.812330098574486570e+00,-4.526094349047531828e+00,5.657656560139019852e+00,9.583908708772362894e-01,-7.213541755502119734e-01,3.786736586493697931e+00,-8.939717550801057344e-01,-1.186977262844227221e+00,3.593093988666701488e+00,1.345102602137125958e+00
6.875002453026195504e-01,-1.251866459915891072e+00,-2.784410863158290006e+00,-4.390274700825360088e-01,-9.186912409538580127e-01,1.169637272704969089e+00,-4.658263777233577763e+00,-1.359675838627909750e+00,-8.011713758702367905e-01,1.844393245109994472e+00,9.142781846823423431e-01,-1.095835052595161452e+00,4.850306239583848544e+00,-1.828370025291972789e+00,1.634965563028269786e+00,1.334854632033201094e+00
-9.154246467443294399e-01,1.353500058411522655e+00,2.492984413330274318e+00,3.152089277162665848e+00,1.179297267383597747e+00,-2.370832809026785615e+00,-8.462741812591187962e-01,-2.983565169525876914e-01,-2.689611902232865059e+00,-1.836534022156904422e+00,1.134562658056676998e+00,-1.198672322543256480e-01,-1.574193332416255808e+00,9.938374182886606789e-01,-3.121189720208725760e+00,-8.662508511517575949e-01
3.884057048549628965e-01,-1.294650587444981626e+00,-6.716283177967442564e-01,-2.054046838649507656e+00,-5.134244351792448313e+00,1.965181181101736563e+00,1.592411810310394360e+00,6.960625058049239033e-01,1.236810442293358736e-01,9.355268920717238479e-02,8.816344421769293227e-01,2.290481006313507539e-01,-2.932562739908155969e+00,2.843375655749174502e+00,1.543847007945299721e+00,3.087330296486497927e-01
1.294673242496442722e-01,2.781090791966758791e-01,4.999681096220572329e-01,4.489945128428267651e-01,4.256322293826721448e-01,2.641873228289701170e-01,5.648953082643002332e-01,3.841275178015457481e-01,2.345703419546927015e-01,1.713013986252772125e-01,7.218312174165603112e-02,3.722690313336397550e-01,4.067333931529063529e-01,9.538496759470503628e-02,3.161204891002742934e-01,2.165247463451177579e-01
2.185511959189792297e-01,5.216922185976168302e-01,4.744703368897959517e-01,1.655318190889639163e-01,5.861097758385989120e-01,3.720519580349456179e-01,6.372333950644790690e-01,1.730839092743025054e-01,2.518111499940020037e-01,2.580887182903499055e-01,9.755152252390417167e-02,4.136642672115317665e-01,5.275057355817450722e-01,1.123094635204982886e-02,3.991641442136533158e-01,1.988482571266117771e-01
1.574092526473482856e+00,1.091542992590135874e+00,-1.192145601862372173e+00,-4.955030400620449527e+00,-1.825475961326798346e+00,-2.553931615852076190e-02,5.343930483019552646e+00,1.147296602391988607e+00,2.860778857139290032e-01,8.842313656395769383e-01,1.099826201388550917e+00,-1.046869417599649577e-01,-5.617038544094860031e-01,-1.640988255796693718e+00,-3.403439463038012147e-01,1.745545037715074521e+00
-1.649950058131593122e+00,-2.360924048859811553e-01,3.335902055602644745e-01,-1.554682816759997976e+00,2.545367815874298500e+00,-8.232428372591751309e-01,1.124459133951421608e+00,-2.360966756652577436e-01,1.067482335055021547e+00,-1.516017753357699949e+00,5.724953609964414269e+00,1.002073245371156274e+00,2.265631433762985036e+00,-2.907117251038596528e+00,-4.607222616767432832e+00,-3.983576302326082286e-01
-1.862460984771388828e-01,7.176223254506027827e-01,4.788495306063410339e+00,5.213228526762179627e+00,1.230137952154387815e+00,-6.756096169225559445e-01,-1.917754399929433973e+00,-3.298344079169411303e-01,-4.719068267044720377e-01,-1.126656543467512206e+00,-2.606457189567415789e+00,-4.755470850897178248e-01,-4.472966212606902303e+00,4.516121695060086871e+00,-1.433264664777135211e+00,-1.183501852732778303e+00
2.717659986892070112e+00,-1.983841606061047536e+00,-1.536863223007415735e+00,-2.862718435659162841e-01,-5.280598118258399420e-01,3.404726014350706542e+00,-6.481361416377686702e-01,2.263343259192407420e+00,-2.794276688109034179e+00,2.365319557177195886e+00,-2.375875996707373261e+00,-3.130114671171674967e+00,1.021072078733525457e+00,3.846979745975550591e-01,8.409260659756910838e-01,4.063993350484754741e-01
-1.811348200870528835e+00,-8.687954845070653409e-01,1.458235887400332498e+00,7.935165772403697249e-01,1.829496007918587352e+00,1.491532668548198215e+00,-9.946011794950458951e-01,7.676095369349943409e-01,9.937289133178416334e-01,-9.457806893709012064e-01,-2.023321618668528998e+00,-1.139489108454512678e+00,1.733526458017748961e-01,-6.530324997165916079e-01,1.844474843503836059e+00,-2.048333943389007317e+00
1.536679724801104652e-01,4.858471793849223341e-01,4.641574642616119184e-01,3.108463463982278352e-01,3.401993619585050865e-01,3.919281578818061273e-01,5.953140801702136997e-01,3.992752943610886063e-01,2.193414897051133017e-01,7.889064875092255402e-02,8.824215891021788827e-02,3.842709649637636726e-01,6.068513913709665530e-01,1.564116250550077192e-01,1.998026172072165929e-01,1.692463283423430997e-01
-1.117043664205604303e+00,1.146827993178489713e+00,8.696917545307679687e-01,8.873426839688084433e-01,5.639600778433470074e-01,2.312206792688883406e-01,-7.507559592270161009e-01,-1.253075113630121029e+00,1.607367645819242519e+00,-7.544822611976711446e-01,-1.106468246080037687e+00,6.165991805845181251e-01,-2.351333580541267398e+00,1.674325702882869304e+00,6.789609526198076006e-01,-9.889366493183231466e-01
3.710958766853303947e-01,1.028871956881877603e+00,8.183533619118841251e-01,1.558909948524049183e+00,-8.858992155249116873e-01,1.266727066386976963e+00,7.865127388050003887e-01,-1.224186645492514103e+00,1.898259879902494340e+00,1.474056337975738762e-01,-4.070346765169437830e+00,2.508308523208115370e-01,-4.627226368712899607e+00,2.917327456409213315e+00,2.817094924156072544e+00,-5.723556092915739191e-01
