-2.535577575352598312e-01
5.850868750018906050e-01
-1.076068349665440238e-01
3.453618897776029595e+00
-2.772855337427036493e-01
4.338674619390650022e-01
-4.985982212062013419e-01
-5.288957634053308432e-01
1.917845816065971043e+00
1.342901438199858521e+00
-3.275424749360071608e-02
8.697357927173055003e-01
1.672789536861170490e+00
1.767905131155349252e-01
1.795899260323967406e+00
3.754340560022787487e-01
-1.456359155394158389e+00
7.825673355566650780e-03
2.218522621280195617e-01
-4.810885059085161231e-02
3.266459030894188764e-01
1.125651515397220193e+00
7.062121920963043697e-01
1.575071790778805048e-01
-8.363686400999199855e-02
2.072216605298485170e+00
-2.236827497919281482e-01
-4.727170591037531677e-01
7.728602893823369735e-01
1.075291392023432380e+00
-6.076315325229827286e-02
8.827723703861861670e-01
