-3.793862553953923633e-02
5.272043640054708824e-01
-1.275029180168683329e-01
6.935335822306000209e-01
1.062999166087818192e+00
1.438678152756136974e+00
2.543427925295861369e-01
2.930583252667383620e-01
3.289012314913509760e-01
8.100302180001907049e-01
9.373518691796378643e-01
2.125338231808076850e-01
7.720584406848393644e-02
7.377005734593250486e-01
6.928640946747891549e-01
6.541682713350075451e-01
-4.323463904656283940e-01
4.579928799057393918e-01
-3.993373653402194079e-01
9.331614845822041593e-01
1.531745298311148806e+00
8.090774278545217468e-01
1.331988281373916172e-01
1.416117215940913554e-01
1.633315255506943675e+00
6.250410675373210267e-01
1.197255503105169261e+00
6.598162660526367684e-01
5.986932762976774347e-01
4.195488812031559350e-02
4.272309075525711486e-01
7.803284607239753257e-01
5.256724387158050460e-01
8.991659338492299369e-01
1.229889040159731772e-01
-1.300727665870550220e-01
1.027790873575424591e-01
3.198361305117792264e-01
2.335582618240749642e-01
8.428877783985887495e-01
1.117879972320786841e+00
4.942000177380471149e-01
7.317417126846613717e-01
9.319407740049001632e-02
7.001888204344046684e-01
8.116706369161286183e-01
2.085375424627294028e-01
7.693176393751491871e-01
2.388350718656919724e-01
8.517154958596981906e-01
2.780775282404429616e-01
-4.451088148600331612e-02
8.328431994713596520e-01
7.480460623928001374e-01
6.766802074137854284e-01
1.376719959986161257e-01
1.030689511553560145e+00
5.664104159082670176e-01
-3.132756027329310355e-01
-1.749509539789537715e-01
-2.844357391330605903e-02
4.285263248917541706e-02
5.761805068523458973e-01
1.329664817765213169e-01
