-5.094413565665845134e-01
-9.460873935758619402e-02
-4.274891640690753336e-01
-5.795154154116075595e-01
-1.081134261090585635e+00
-9.700525113499051111e-01
-7.184152013285821647e-01
4.773944405265815316e-01
2.766267011673026466e-01
-4.428350438384962562e-01
-2.636203595321189308e-01
6.254471388725281189e-01
4.015110205854798275e-01
1.105454848553228120e-01
1.675643444578690799e-01
-6.842043763777870824e-01
8.529891563297161694e-01
-7.493319106735317758e-01
-4.792927832179303405e-01
-2.363870859645370581e-01
-4.943615594580595407e-01
1.946653641495381670e-01
-6.904838912673305629e-01
-1.054095816881558623e+00
-1.832441159269303926e-02
-1.459915215411575484e-01
8.165310005404115279e-02
-1.451515662980593369e-01
-5.373920207829667728e-01
6.535806400351849010e-01
-6.767457384890375183e-01
-8.901985947969988100e-01
-4.101572098628665231e-01
6.735952316920221783e-01
-4.544445719178908383e-01
-5.904348892357457190e-01
-1.855082333499126768e-01
-2.995545562294925634e-01
1.248353386458776609e-01
-4.816101216086710046e-01
-2.096426880827073069e-01
-5.698506564728842427e-01
3.670118654550475479e-01
-9.487439527431555941e-01
-4.466363219386104699e-01
-2.845941356159781832e-01
1.118244462498518388e+00
5.713962090834392438e-01
-2.354653483492699095e-01
-6.428230245826873634e-01
4.764156706343366521e-01
-1.087189491430928939e-01
-7.692078987112098420e-02
4.724132921045788580e-02
2.067217810502608444e-01
-2.210248181249249363e-02
-5.153766123675481703e-01
6.181842894124797150e-01
-9.278994944363816444e-01
4.929074231767811010e-01
-8.370590146453442404e-02
-4.818298813932110902e-01
-4.555866599560375874e-01
-5.004611091785970967e-01
