9.291417119085122467e-01
7.610663479113323193e-01
2.038983637342804689e-01
-8.432500068528718806e-01
5.112458706367246641e-01
2.514300406994969261e-01
1.991718880075391773e+00
9.198109788799032627e-01
8.271629302679032181e-01
2.860389947134279742e-01
4.112205710328189490e-01
2.011407221680224122e+00
1.145521382466632432e-01
7.559596619605009060e-01
6.253220525022755716e-01
3.960670792960437336e-01
1.230200401353354067e+00
2.295459982276771560e-01
-1.166900840516372218e-01
-2.661665072198971527e-01
3.835116594198446083e-01
8.239289356030359002e-02
1.350417378160733595e+00
3.653891435314947089e-01
6.032670617612249098e-01
1.430283780201341948e+00
-1.868832879512738465e-01
-4.818878070495981047e-01
-3.500744360719925119e-01
7.937512871405433268e-01
4.338002127622078152e-01
-7.463708118206123510e-02
3.296678211037771256e-01
2.852858389052141397e-01
1.294095308180231108e+00
-2.551360414879736971e-01
9.182138085063126232e-01
2.408348073999686811e-01
6.851759473805742184e-02
7.569337497376377177e-01
2.211924936098889627e-01
2.496674330719170498e-01
-3.475132647252023310e-01
2.905385177509400840e-01
7.457076009372491932e-01
8.401293553423426763e-01
6.705627007089168812e-01
3.248476096208960939e-01
6.475879805582995807e-01
3.606242439220717078e-01
5.251905550159661207e-01
7.655142988300540630e-01
4.944911964007613903e-01
2.431635107020012898e-01
2.349088027876016782e-01
1.140744303190764919e+00
7.132941200972114926e-01
-2.140374771478727872e-02
7.638276604995816177e-01
3.847237397301592754e-01
1.024340090847232210e+00
3.085732769225839056e-01
6.765334033873123820e-01
2.036061897554936606e-01
