3.388316310721143365e-01,-2.225482180746108651e-01,1.390333913068350080e-01,-1.252434238667010473e-02,-6.221418002059337926e-01,3.911464140889556185e-01,-4.523595856262129233e-01,1.203919387191881019e-01,9.685315896364068977e-02,-2.073539772028915040e-01,4.855156233402607713e-01,5.835212554484368874e-02,-8.334326267541954936e-01,-2.658107549501659950e+00,-5.180693706608801019e-01,-8.931246917727211354e-01
-2.999933556227293074e+00,-1.147567846582745049e-01,2.486732462738354688e-01,-2.178192144074464043e+00,7.702803499172189428e-02,-1.988792472545181933e-01,-1.138717762360875463e-01,-1.362899638109117850e+00,-3.733089754755573586e-01,-3.795312924944114763e-01,-3.450479242063977381e-01,-1.184694263161153227e+00,-4.268374914874285553e-01,1.261301413777597302e+00,1.999819040289750049e-01,1.797788972560679377e-01
-9.083847232904200819e-01,-3.299359906953812094e-01,3.644086587430214186e-01,-2.069808485011590982e+00,-4.046929008049919563e-02,-2.562847237865223948e-01,-1.001655678262390436e+00,3.728298146691631509e-01,-8.911240393856106889e-02,1.465649517295819215e-01,-6.272535340535406734e-01,-6.262099229384510135e-01,-2.477014391552981865e-01,-3.534948614138702538e+00,-3.452469442106197217e+00,-5.387096404698069607e-01
-2.064157710160042569e+00,2.222804383900673086e-01,1.395607096570316841e-01,-3.995298682200217222e+00,-6.509116478806074024e-01,-7.050790627014097423e-01,4.868346600100708077e-01,2.592307484297452433e-02,-2.288790486140280245e-01,2.484936073820433744e-01,3.343178623490489776e-01,-6.528246794336587389e-01,-1.407818530405230417e+00,-1.122354389884722581e+00,-5.033549604901857988e-01,-6.901573383108966508e-01
-4.724344025521740043e-01,2.331517432106549048e-01,-5.836236465443185306e-01,4.878096713178989297e-01,-2.448802567849691636e-01,-5.525587809940400996e-01,4.520355875070007634e-02,-6.961952690720185633e-02,5.963113066691448916e-01,-1.292576315072939908e+00,-9.118774744780192565e-01,-6.134798785713675429e-01,2.928167069836427605e-01,-7.934379106551973093e-01,-3.499980802734141416e-02,6.149938082441864726e-03
-7.661557497797167882e-01,-4.933071207374481459e-01,-2.238036262395730613e-01,-1.772209117518863675e+00,-4.753102892526652190e-01,2.107594786469064729e-01,2.368586374734362454e-01,4.021338436476456502e-01,-5.051205388579691480e-01,-2.673670156809300480e-02,6.543396554003721999e-02,-9.472372146183508645e-01,-8.283470461608249957e-01,-3.959290408053592447e+00,-3.602022256817994927e-01,4.595074662170490210e-01
-1.307710318905481728e-01,-1.035770714096308165e+00,2.186909476662601548e-01,-1.037866228776284983e+00,-6.346328502203787414e-01,3.172020282380265677e-01,1.596421299853969036e-02,-8.146967941451575823e-02,-1.168713139205207752e-01,-4.053994497003182707e-01,-1.251108848611427682e+00,-3.407575408020505847e+00,3.863381537878976535e-01,-1.024119879801003830e+00,-3.215125486886102335e-01,-6.934546102666503398e-01
-2.193254972450225104e-01,4.321017705911721074e-01,-6.394435976398561428e-01,-7.505031763785974253e-01,9.742511753773477889e-02,-3.809169480704543975e-01,-3.049052958780414380e-01,-2.498989530064733011e-01,-4.489953260030265514e-01,8.535638234837045549e-03,-1.088587929502572021e-02,4.127738214358960822e-01,-2.189872157675000874e+00,-1.139198660309956646e+00,-5.789713827533977675e-01,3.013249532104358974e-01
-1.253129309517126533e+00,-5.774617574516616170e-01,-4.934047366784811151e-01,-1.315878810214224481e+00,-4.727774679163575244e-02,1.134568112193758138e-01,2.505239889491117644e-01,-4.800757145704711015e-01,1.460583197795518040e-01,5.315403105641358650e-01,8.759766643809334397e-02,-1.905161791853120068e+00,-4.215413306785492087e-01,-8.950334879913348640e-01,-2.761551474144585128e-01,-7.451080799976219637e-01
-6.704414840936469000e-01,-1.697079896013695688e-01,-7.904626276318535982e-01,-1.807239735192191776e-01,-1.848838362685653602e-02,-8.053284787563899094e-01,-8.747272029759879663e-02,1.311028712879734326e-01,-1.370937424956016615e-01,-7.184214947733396084e-01,3.276478897923207345e-01,-4.609991636934855364e-01,-5.708089134102498630e-01,-8.189632196101044315e-01,2.300137027583343263e-01,-2.153141273515920828e-01
