1.523950336922001991e-01,-8.046555370362298287e-01,-9.115445379891722322e-01,-5.080546787352671068e-01,-5.097881842577088873e-01,-1.712968299717328335e+00,-1.064251964940721162e+00,5.923113260233371369e-01,9.128056936416244216e-02,-8.266621631713700902e-01,4.846987987944230136e-01,-7.291913758221234554e-01,-1.822417682964922570e+00,4.082163679336617279e-01,1.952448928791161720e-01,7.996798364980522988e-01
-1.411449792104920054e+00,-1.173086853151852349e+00,1.250676693036895382e-01,-1.071420344857953871e-01,-1.198799453174645979e+00,4.831500220136150103e-01,2.919830261624745127e-01,-3.331968863126172131e+00,-1.292196918701485675e+00,-1.609844129696849924e-01,-1.542101344493483905e+00,3.166590814038939827e-01,-1.659710690416818180e+00,-8.881517213048464310e-01,-4.579427021059195302e-01,-2.859947137742421042e+00
-7.543900427652843188e-01,-5.385317628622585673e-01,-4.185076347373597461e-01,-3.164828755814663164e-01,-4.842166971294207811e-01,3.493690658947031791e-01,-6.852093619384646006e-01,-1.181299044715045765e+00,4.882291867365569638e-01,-6.689532876629400437e-01,-4.499863389211446463e-01,-1.753691941652292252e-01,-2.293684445010084172e+00,4.314546251338906013e-01,-1.353346058823320375e-01,-9.200315312325199057e-01
1.461655540131739373e-01,-5.378514570474935974e-01,-1.603598004386941334e-02,3.706998261744028911e-01,-9.109698704215710707e-01,-2.547656383263670610e-01,5.229407956612649316e-02,-7.230077011205177095e-01,3.913508743927018863e-01,1.382913712987698940e-01,-5.882796215382309901e-01,-8.686160612540483328e-01,-3.368561165247377920e-01,-5.510029494876973466e-01,-1.374433622821636503e+00,-2.895775584470184905e-01
-5.241556321321598766e-01,-7.546922478399948897e-01,-1.504142767724654828e+00,-6.482533192752767404e-01,-6.998395939035045865e-01,-4.693712261358502502e-01,-5.825029487612400914e-01,-3.528223289913334226e-01,-7.460417200398429260e-01,4.218617738341536860e-01,-1.601468242834886313e+00,-3.430873706418733904e-01,-5.211398258137786010e-01,-6.580121126903790696e-01,6.032254814384284680e-01,-9.431571106027356599e-01
7.528714823480835150e-02,-9.872799609259286235e-01,1.943760170914489160e-01,-3.798764758301316213e-01,-7.872273035696982779e-01,9.608246127492767186e-03,-8.575849226528616809e-01,-1.061280509788999682e+00,-5.082061958943326907e-01,-2.247009159176484028e-01,6.046903737187909744e-01,-8.813033188913936833e-01,3.900879900438022352e-01,-9.216087093603975156e-01,-1.741929917411040307e-01,-7.249830767809141152e-01
4.915106603126017659e-01,-4.102326627738681175e+00,-5.095032398410658248e-01,-3.322302199282526125e+00,-1.045276334985348221e+00,2.757944866997367739e-01,-1.259854011732423729e+00,-1.457925297408449561e+00,-1.206948677083353516e+00,-1.586930117269582663e-01,-3.374389157205171519e-01,2.685252856169298985e-01,-9.923218978117306355e-01,5.382805097700036345e-01,-7.141359899294845714e-01,-1.058880721249896517e+00
-1.008400086408470564e+00,8.756238421174485087e-02,3.559868708336132170e-02,2.864382606367354422e-01,-8.744258884509447105e-01,-5.426596810016647288e-01,-1.530884321833635986e-01,-9.312145506894169422e-01,5.734922385270351669e-02,-1.364050234692489205e+00,-8.076348565159168214e-01,1.191053465297002567e-01,-4.586805081527119965e-01,-1.004637556800976661e+00,2.868915548289747153e-01,7.131323130846406455e-01
6.328561019818876310e-02,-5.756240407584606311e-01,-4.502207871065097046e-03,-8.832472352200256838e-01,4.955517492384449163e-01,-3.151891749101027873e-01,3.482519216505879367e-01,-4.174885721012263073e-01,-1.965327833775718791e-01,-1.170297519878400333e-01,-3.564417944484591372e-01,-5.191889535819563806e-01,-2.226500393761245422e-01,2.064915884606306484e-01,-4.578659722934445009e-01,-7.813855324769490851e-01
5.830385335012103903e-02,3.732084523690978872e-01,-5.609755311718194193e-01,1.044904456465126780e-01,-3.550759063976526297e-01,8.335340542978437062e-04,-1.679532224427336129e-01,3.824885572895771468e-01,-2.170781288779592699e-01,-2.107185613134857638e-01,-7.059854522180080139e-01,2.298657565334629171e-01,3.635277546286905803e-01,-8.058600306866112728e-01,-3.695557482344282718e-01,-7.366362765060125994e-01
